   18
   -0.996195   44
  147.000000 -0.705323E-01  0.970490E-01   0.000  1  CBMAMI_2014_Schumann
  150.000000  0.644215E-01  0.394202E+00   0.000  1  CBMAMI_2014_Schumann
  155.000000  0.147385E+00  0.344069E+00   0.000  1  CBMAMI_2014_Schumann
  160.000000  0.662171E-01  0.430419E+00   0.000  1  CBMAMI_2014_Schumann
  165.000000  0.187041E+00  0.491600E+00   0.000  1  CBMAMI_2014_Schumann
  170.000000  0.729359E+00  0.522487E+00   0.000  1  CBMAMI_2014_Schumann
  175.000000  0.923850E+00  0.599406E+00   0.000  1  CBMAMI_2014_Schumann
  180.000000  0.440637E-01  0.758055E+00   0.000  1  CBMAMI_2014_Schumann
  185.000000  0.190549E+01  0.831945E+00   0.000  1  CBMAMI_2014_Schumann
  190.000000  0.201004E+01  0.819537E+00   0.000  1  CBMAMI_2014_Schumann
  195.000000 -0.212923E+01  0.974279E+00   0.000  1  CBMAMI_2014_Schumann
  200.000000  0.289043E+00  0.118537E+01   0.000  1  CBMAMI_2014_Schumann
  205.000000 -0.431823E+00  0.127364E+01   0.000  1  CBMAMI_2014_Schumann
  210.000000  0.948882E+00  0.138579E+01   0.000  1  CBMAMI_2014_Schumann
  215.000000  0.747707E-01  0.161526E+01   0.000  1  CBMAMI_2014_Schumann
  220.000000  0.799618E+00  0.150820E+01   0.000  1  CBMAMI_2014_Schumann
  225.000000 -0.738241E+00  0.181294E+01   0.000  1  CBMAMI_2014_Schumann
  230.000000  0.288588E+01  0.167657E+01   0.000  1  CBMAMI_2014_Schumann
  235.000000  0.116125E+01  0.190617E+01   0.000  1  CBMAMI_2014_Schumann
  240.000000  0.397442E+01  0.220585E+01   0.000  1  CBMAMI_2014_Schumann
  245.000000  0.119244E+01  0.208728E+01   0.000  1  CBMAMI_2014_Schumann
  250.000000  0.684896E+00  0.215124E+01   0.000  1  CBMAMI_2014_Schumann
  255.000000 -0.125416E+01  0.232579E+01   0.000  1  CBMAMI_2014_Schumann
  260.000000 -0.256103E+01  0.289257E+01   0.000  1  CBMAMI_2014_Schumann
  265.000000  0.144842E+01  0.274141E+01   0.000  1  CBMAMI_2014_Schumann
  270.000000  0.194063E+01  0.274763E+01   0.000  1  CBMAMI_2014_Schumann
  275.000000  0.124582E+01  0.266483E+01   0.000  1  CBMAMI_2014_Schumann
  280.000000  0.127424E+01  0.293092E+01   0.000  1  CBMAMI_2014_Schumann
  285.000000  0.219144E+01  0.303348E+01   0.000  1  CBMAMI_2014_Schumann
  290.000000  0.799188E+01  0.315831E+01   0.000  1  CBMAMI_2014_Schumann
  295.000000  0.770248E+01  0.311972E+01   0.000  1  CBMAMI_2014_Schumann
  300.000000  0.218566E+01  0.324114E+01   0.000  1  CBMAMI_2014_Schumann
  310.000000  0.286207E+01  0.320916E+01   0.000  1  CBMAMI_2014_Schumann
  320.000000  0.364807E+01  0.420424E+01   0.000  1  CBMAMI_2014_Schumann
  330.000000 -0.378238E+01  0.435472E+01   0.000  1  CBMAMI_2014_Schumann
  340.000000  0.476348E+01  0.411463E+01   0.000  1  CBMAMI_2014_Schumann
  350.000000  0.354396E+01  0.403771E+01   0.000  1  CBMAMI_2014_Schumann
  360.000000  0.262873E+01  0.512733E+01   0.000  1  CBMAMI_2014_Schumann
  370.000000 -0.105396E+00  0.400957E+01   0.000  1  CBMAMI_2014_Schumann
  380.000000 -0.358357E+01  0.406586E+01   0.000  1  CBMAMI_2014_Schumann
  390.000000 -0.102285E+01  0.390362E+01   0.000  1  CBMAMI_2014_Schumann
  400.000000  0.882618E+00  0.403952E+01   0.000  1  CBMAMI_2014_Schumann
  410.000000  0.188364E+01  0.442137E+01   0.000  1  CBMAMI_2014_Schumann
  420.000000 -0.271299E+01  0.558757E+01   0.000  1  CBMAMI_2014_Schumann
   -0.965926   44
  147.000000  0.858327E-01  0.199881E+00   0.000  1  CBMAMI_2014_Schumann
  150.000000 -0.657324E-02  0.209171E+00   0.000  1  CBMAMI_2014_Schumann
  155.000000  0.619789E-01  0.119924E+00   0.000  1  CBMAMI_2014_Schumann
  160.000000 -0.134140E+00  0.177281E+00   0.000  1  CBMAMI_2014_Schumann
  165.000000  0.119332E+00  0.222608E+00   0.000  1  CBMAMI_2014_Schumann
  170.000000  0.279719E+00  0.238700E+00   0.000  1  CBMAMI_2014_Schumann
  175.000000 -0.547273E-02  0.292948E+00   0.000  1  CBMAMI_2014_Schumann
  180.000000  0.203824E+00  0.317510E+00   0.000  1  CBMAMI_2014_Schumann
  185.000000  0.865550E+00  0.387574E+00   0.000  1  CBMAMI_2014_Schumann
  190.000000  0.484719E-01  0.388366E+00   0.000  1  CBMAMI_2014_Schumann
  195.000000 -0.470863E+00  0.425543E+00   0.000  1  CBMAMI_2014_Schumann
  200.000000 -0.104889E+00  0.520595E+00   0.000  1  CBMAMI_2014_Schumann
  205.000000  0.947933E+00  0.563164E+00   0.000  1  CBMAMI_2014_Schumann
  210.000000  0.133602E+01  0.612971E+00   0.000  1  CBMAMI_2014_Schumann
  215.000000  0.275877E+00  0.683109E+00   0.000  1  CBMAMI_2014_Schumann
  220.000000  0.119325E+01  0.681109E+00   0.000  1  CBMAMI_2014_Schumann
  225.000000  0.331799E+01  0.820705E+00   0.000  1  CBMAMI_2014_Schumann
  230.000000  0.170326E+01  0.764194E+00   0.000  1  CBMAMI_2014_Schumann
  235.000000  0.279249E+01  0.803583E+00   0.000  1  CBMAMI_2014_Schumann
  240.000000  0.193460E+01  0.902690E+00   0.000  1  CBMAMI_2014_Schumann
  245.000000  0.282440E+01  0.941298E+00   0.000  1  CBMAMI_2014_Schumann
  250.000000  0.315496E+01  0.934677E+00   0.000  1  CBMAMI_2014_Schumann
  255.000000  0.313040E+01  0.101204E+01   0.000  1  CBMAMI_2014_Schumann
  260.000000  0.443826E+01  0.126899E+01   0.000  1  CBMAMI_2014_Schumann
  265.000000  0.500523E+01  0.115260E+01   0.000  1  CBMAMI_2014_Schumann
  270.000000  0.589607E+01  0.114122E+01   0.000  1  CBMAMI_2014_Schumann
  275.000000  0.783041E+01  0.117479E+01   0.000  1  CBMAMI_2014_Schumann
  280.000000  0.622154E+01  0.121219E+01   0.000  1  CBMAMI_2014_Schumann
  285.000000  0.919746E+01  0.127714E+01   0.000  1  CBMAMI_2014_Schumann
  290.000000  0.600017E+01  0.131848E+01   0.000  1  CBMAMI_2014_Schumann
  295.000000  0.831837E+01  0.137064E+01   0.000  1  CBMAMI_2014_Schumann
  300.000000  0.794898E+01  0.141348E+01   0.000  1  CBMAMI_2014_Schumann
  310.000000  0.708903E+01  0.143166E+01   0.000  1  CBMAMI_2014_Schumann
  320.000000  0.823416E+01  0.178626E+01   0.000  1  CBMAMI_2014_Schumann
  330.000000  0.113682E+02  0.174126E+01   0.000  1  CBMAMI_2014_Schumann
  340.000000  0.703670E+01  0.179710E+01   0.000  1  CBMAMI_2014_Schumann
  350.000000  0.605832E+01  0.175032E+01   0.000  1  CBMAMI_2014_Schumann
  360.000000  0.537472E+01  0.206600E+01   0.000  1  CBMAMI_2014_Schumann
  370.000000  0.569150E+01  0.162626E+01   0.000  1  CBMAMI_2014_Schumann
  380.000000  0.426064E+01  0.165260E+01   0.000  1  CBMAMI_2014_Schumann
  390.000000  0.992336E+00  0.157164E+01   0.000  1  CBMAMI_2014_Schumann
  400.000000 -0.158724E+00  0.157454E+01   0.000  1  CBMAMI_2014_Schumann
  410.000000  0.276705E+01  0.172297E+01   0.000  1  CBMAMI_2014_Schumann
  420.000000  0.261299E+01  0.248870E+01   0.000  1  CBMAMI_2014_Schumann
   -0.906308   44
  147.000000  0.363687E-01  0.433620E-01   0.000  1  CBMAMI_2014_Schumann
  150.000000 -0.327362E-01  0.109194E+00   0.000  1  CBMAMI_2014_Schumann
  155.000000  0.142886E+00  0.117037E+00   0.000  1  CBMAMI_2014_Schumann
  160.000000  0.190558E+00  0.135120E+00   0.000  1  CBMAMI_2014_Schumann
  165.000000  0.266764E+00  0.178653E+00   0.000  1  CBMAMI_2014_Schumann
  170.000000  0.116183E+00  0.179765E+00   0.000  1  CBMAMI_2014_Schumann
  175.000000  0.391026E+00  0.234793E+00   0.000  1  CBMAMI_2014_Schumann
  180.000000  0.657068E+00  0.247886E+00   0.000  1  CBMAMI_2014_Schumann
  185.000000  0.763209E+00  0.310292E+00   0.000  1  CBMAMI_2014_Schumann
  190.000000  0.736264E+00  0.305052E+00   0.000  1  CBMAMI_2014_Schumann
  195.000000  0.649457E+00  0.334944E+00   0.000  1  CBMAMI_2014_Schumann
  200.000000  0.754257E+00  0.398853E+00   0.000  1  CBMAMI_2014_Schumann
  205.000000  0.133468E+01  0.430119E+00   0.000  1  CBMAMI_2014_Schumann
  210.000000  0.180344E+01  0.482244E+00   0.000  1  CBMAMI_2014_Schumann
  215.000000  0.140029E+01  0.514481E+00   0.000  1  CBMAMI_2014_Schumann
  220.000000  0.211270E+01  0.525149E+00   0.000  1  CBMAMI_2014_Schumann
  225.000000  0.342764E+01  0.604431E+00   0.000  1  CBMAMI_2014_Schumann
  230.000000  0.253458E+01  0.588902E+00   0.000  1  CBMAMI_2014_Schumann
  235.000000  0.255459E+01  0.610435E+00   0.000  1  CBMAMI_2014_Schumann
  240.000000  0.448740E+01  0.693954E+00   0.000  1  CBMAMI_2014_Schumann
  245.000000  0.411128E+01  0.700421E+00   0.000  1  CBMAMI_2014_Schumann
  250.000000  0.424550E+01  0.725490E+00   0.000  1  CBMAMI_2014_Schumann
  255.000000  0.567966E+01  0.781333E+00   0.000  1  CBMAMI_2014_Schumann
  260.000000  0.502089E+01  0.992383E+00   0.000  1  CBMAMI_2014_Schumann
  265.000000  0.620170E+01  0.862323E+00   0.000  1  CBMAMI_2014_Schumann
  270.000000  0.832940E+01  0.862662E+00   0.000  1  CBMAMI_2014_Schumann
  275.000000  0.841603E+01  0.884404E+00   0.000  1  CBMAMI_2014_Schumann
  280.000000  0.105959E+02  0.923850E+00   0.000  1  CBMAMI_2014_Schumann
  285.000000  0.992616E+01  0.944842E+00   0.000  1  CBMAMI_2014_Schumann
  290.000000  0.109267E+02  0.100719E+01   0.000  1  CBMAMI_2014_Schumann
  295.000000  0.118933E+02  0.101282E+01   0.000  1  CBMAMI_2014_Schumann
  300.000000  0.110691E+02  0.106640E+01   0.000  1  CBMAMI_2014_Schumann
  310.000000  0.158087E+02  0.105390E+01   0.000  1  CBMAMI_2014_Schumann
  320.000000  0.123346E+02  0.135483E+01   0.000  1  CBMAMI_2014_Schumann
  330.000000  0.124772E+02  0.124163E+01   0.000  1  CBMAMI_2014_Schumann
  340.000000  0.104854E+02  0.128852E+01   0.000  1  CBMAMI_2014_Schumann
  350.000000  0.105282E+02  0.128817E+01   0.000  1  CBMAMI_2014_Schumann
  360.000000  0.110924E+02  0.147104E+01   0.000  1  CBMAMI_2014_Schumann
  370.000000  0.626736E+01  0.115947E+01   0.000  1  CBMAMI_2014_Schumann
  380.000000  0.562072E+01  0.116715E+01   0.000  1  CBMAMI_2014_Schumann
  390.000000  0.497081E+01  0.111513E+01   0.000  1  CBMAMI_2014_Schumann
  400.000000  0.380312E+01  0.105435E+01   0.000  1  CBMAMI_2014_Schumann
  410.000000  0.635636E+01  0.134466E+01   0.000  1  CBMAMI_2014_Schumann
  420.000000  0.408004E+01  0.162177E+01   0.000  1  CBMAMI_2014_Schumann
   -0.819152   44
  147.000000  0.313301E-01  0.350090E-01   0.000  1  CBMAMI_2014_Schumann
  150.000000 -0.492172E-01  0.916460E-01   0.000  1  CBMAMI_2014_Schumann
  155.000000  0.112389E+00  0.885370E-01   0.000  1  CBMAMI_2014_Schumann
  160.000000  0.411893E+00  0.129391E+00   0.000  1  CBMAMI_2014_Schumann
  165.000000  0.203029E+00  0.156805E+00   0.000  1  CBMAMI_2014_Schumann
  170.000000  0.341560E+00  0.156812E+00   0.000  1  CBMAMI_2014_Schumann
  175.000000  0.427240E+00  0.202898E+00   0.000  1  CBMAMI_2014_Schumann
  180.000000  0.500154E+00  0.220183E+00   0.000  1  CBMAMI_2014_Schumann
  185.000000  0.696399E+00  0.261977E+00   0.000  1  CBMAMI_2014_Schumann
  190.000000  0.831004E+00  0.260843E+00   0.000  1  CBMAMI_2014_Schumann
  195.000000  0.112506E+01  0.292787E+00   0.000  1  CBMAMI_2014_Schumann
  200.000000  0.132758E+01  0.348987E+00   0.000  1  CBMAMI_2014_Schumann
  205.000000  0.152544E+01  0.365882E+00   0.000  1  CBMAMI_2014_Schumann
  210.000000  0.165313E+01  0.413308E+00   0.000  1  CBMAMI_2014_Schumann
  215.000000  0.269570E+01  0.443059E+00   0.000  1  CBMAMI_2014_Schumann
  220.000000  0.223275E+01  0.445928E+00   0.000  1  CBMAMI_2014_Schumann
  225.000000  0.301650E+01  0.523864E+00   0.000  1  CBMAMI_2014_Schumann
  230.000000  0.279535E+01  0.506319E+00   0.000  1  CBMAMI_2014_Schumann
  235.000000  0.426793E+01  0.526167E+00   0.000  1  CBMAMI_2014_Schumann
  240.000000  0.414123E+01  0.594784E+00   0.000  1  CBMAMI_2014_Schumann
  245.000000  0.424309E+01  0.605060E+00   0.000  1  CBMAMI_2014_Schumann
  250.000000  0.682470E+01  0.620851E+00   0.000  1  CBMAMI_2014_Schumann
  255.000000  0.728000E+01  0.667126E+00   0.000  1  CBMAMI_2014_Schumann
  260.000000  0.729326E+01  0.837908E+00   0.000  1  CBMAMI_2014_Schumann
  265.000000  0.914345E+01  0.742119E+00   0.000  1  CBMAMI_2014_Schumann
  270.000000  0.985858E+01  0.740647E+00   0.000  1  CBMAMI_2014_Schumann
  275.000000  0.102590E+02  0.753582E+00   0.000  1  CBMAMI_2014_Schumann
  280.000000  0.106110E+02  0.798405E+00   0.000  1  CBMAMI_2014_Schumann
  285.000000  0.112304E+02  0.803051E+00   0.000  1  CBMAMI_2014_Schumann
  290.000000  0.141162E+02  0.865735E+00   0.000  1  CBMAMI_2014_Schumann
  295.000000  0.138450E+02  0.872365E+00   0.000  1  CBMAMI_2014_Schumann
  300.000000  0.160577E+02  0.915871E+00   0.000  1  CBMAMI_2014_Schumann
  310.000000  0.162784E+02  0.910261E+00   0.000  1  CBMAMI_2014_Schumann
  320.000000  0.171121E+02  0.115138E+01   0.000  1  CBMAMI_2014_Schumann
  330.000000  0.156222E+02  0.108146E+01   0.000  1  CBMAMI_2014_Schumann
  340.000000  0.139463E+02  0.110671E+01   0.000  1  CBMAMI_2014_Schumann
  350.000000  0.143830E+02  0.108137E+01   0.000  1  CBMAMI_2014_Schumann
  360.000000  0.106650E+02  0.124214E+01   0.000  1  CBMAMI_2014_Schumann
  370.000000  0.958331E+01  0.950740E+00   0.000  1  CBMAMI_2014_Schumann
  380.000000  0.737774E+01  0.973775E+00   0.000  1  CBMAMI_2014_Schumann
  390.000000  0.706304E+01  0.906362E+00   0.000  1  CBMAMI_2014_Schumann
  400.000000  0.559233E+01  0.881073E+00   0.000  1  CBMAMI_2014_Schumann
  410.000000  0.507535E+01  0.106192E+01   0.000  1  CBMAMI_2014_Schumann
  420.000000  0.645912E+01  0.134531E+01   0.000  1  CBMAMI_2014_Schumann
   -0.707107   44
  147.000000  0.118901E-02  0.323500E-01   0.000  1  CBMAMI_2014_Schumann
  150.000000 -0.329113E-01  0.659070E-01   0.000  1  CBMAMI_2014_Schumann
  155.000000  0.383061E-01  0.807420E-01   0.000  1  CBMAMI_2014_Schumann
  160.000000  0.718262E-01  0.112301E+00   0.000  1  CBMAMI_2014_Schumann
  165.000000  0.230420E+00  0.145068E+00   0.000  1  CBMAMI_2014_Schumann
  170.000000  0.258630E+00  0.147327E+00   0.000  1  CBMAMI_2014_Schumann
  175.000000  0.208963E+00  0.184026E+00   0.000  1  CBMAMI_2014_Schumann
  180.000000  0.773647E+00  0.200245E+00   0.000  1  CBMAMI_2014_Schumann
  185.000000  0.108533E+01  0.243539E+00   0.000  1  CBMAMI_2014_Schumann
  190.000000  0.131962E+01  0.241487E+00   0.000  1  CBMAMI_2014_Schumann
  195.000000  0.112738E+01  0.261975E+00   0.000  1  CBMAMI_2014_Schumann
  200.000000  0.135212E+01  0.308834E+00   0.000  1  CBMAMI_2014_Schumann
  205.000000  0.222011E+01  0.339643E+00   0.000  1  CBMAMI_2014_Schumann
  210.000000  0.160764E+01  0.367317E+00   0.000  1  CBMAMI_2014_Schumann
  215.000000  0.208119E+01  0.397678E+00   0.000  1  CBMAMI_2014_Schumann
  220.000000  0.197777E+01  0.403341E+00   0.000  1  CBMAMI_2014_Schumann
  225.000000  0.212048E+01  0.476649E+00   0.000  1  CBMAMI_2014_Schumann
  230.000000  0.376947E+01  0.456241E+00   0.000  1  CBMAMI_2014_Schumann
  235.000000  0.390972E+01  0.477166E+00   0.000  1  CBMAMI_2014_Schumann
  240.000000  0.467406E+01  0.538371E+00   0.000  1  CBMAMI_2014_Schumann
  245.000000  0.591432E+01  0.550193E+00   0.000  1  CBMAMI_2014_Schumann
  250.000000  0.652693E+01  0.561025E+00   0.000  1  CBMAMI_2014_Schumann
  255.000000  0.664728E+01  0.604948E+00   0.000  1  CBMAMI_2014_Schumann
  260.000000  0.714871E+01  0.760473E+00   0.000  1  CBMAMI_2014_Schumann
  265.000000  0.832976E+01  0.671823E+00   0.000  1  CBMAMI_2014_Schumann
  270.000000  0.997354E+01  0.669969E+00   0.000  1  CBMAMI_2014_Schumann
  275.000000  0.990746E+01  0.683779E+00   0.000  1  CBMAMI_2014_Schumann
  280.000000  0.119563E+02  0.712481E+00   0.000  1  CBMAMI_2014_Schumann
  285.000000  0.121376E+02  0.733984E+00   0.000  1  CBMAMI_2014_Schumann
  290.000000  0.131096E+02  0.790539E+00   0.000  1  CBMAMI_2014_Schumann
  295.000000  0.155480E+02  0.802438E+00   0.000  1  CBMAMI_2014_Schumann
  300.000000  0.144695E+02  0.849053E+00   0.000  1  CBMAMI_2014_Schumann
  310.000000  0.137071E+02  0.862491E+00   0.000  1  CBMAMI_2014_Schumann
  320.000000  0.164091E+02  0.104345E+01   0.000  1  CBMAMI_2014_Schumann
  330.000000  0.158755E+02  0.971878E+00   0.000  1  CBMAMI_2014_Schumann
  340.000000  0.147187E+02  0.940135E+00   0.000  1  CBMAMI_2014_Schumann
  350.000000  0.113033E+02  0.963481E+00   0.000  1  CBMAMI_2014_Schumann
  360.000000  0.108650E+02  0.111546E+01   0.000  1  CBMAMI_2014_Schumann
  370.000000  0.863775E+01  0.877800E+00   0.000  1  CBMAMI_2014_Schumann
  380.000000  0.750378E+01  0.893792E+00   0.000  1  CBMAMI_2014_Schumann
  390.000000  0.595476E+01  0.824297E+00   0.000  1  CBMAMI_2014_Schumann
  400.000000  0.503361E+01  0.792662E+00   0.000  1  CBMAMI_2014_Schumann
  410.000000  0.385329E+01  0.941467E+00   0.000  1  CBMAMI_2014_Schumann
  420.000000  0.547089E+01  0.119879E+01   0.000  1  CBMAMI_2014_Schumann
   -0.573576   44
  147.000000  0.239622E-01  0.319280E-01   0.000  1  CBMAMI_2014_Schumann
  150.000000 -0.494911E-01  0.621250E-01   0.000  1  CBMAMI_2014_Schumann
  155.000000  0.667940E-01  0.732080E-01   0.000  1  CBMAMI_2014_Schumann
  160.000000  0.342308E+00  0.113635E+00   0.000  1  CBMAMI_2014_Schumann
  165.000000  0.138037E+00  0.135528E+00   0.000  1  CBMAMI_2014_Schumann
  170.000000  0.154976E+00  0.134117E+00   0.000  1  CBMAMI_2014_Schumann
  175.000000  0.304789E+00  0.175095E+00   0.000  1  CBMAMI_2014_Schumann
  180.000000  0.457948E+00  0.187286E+00   0.000  1  CBMAMI_2014_Schumann
  185.000000  0.518614E+00  0.226789E+00   0.000  1  CBMAMI_2014_Schumann
  190.000000  0.102368E+01  0.222739E+00   0.000  1  CBMAMI_2014_Schumann
  195.000000  0.735062E+00  0.250433E+00   0.000  1  CBMAMI_2014_Schumann
  200.000000  0.168971E+01  0.295266E+00   0.000  1  CBMAMI_2014_Schumann
  205.000000  0.167670E+01  0.314400E+00   0.000  1  CBMAMI_2014_Schumann
  210.000000  0.161392E+01  0.347144E+00   0.000  1  CBMAMI_2014_Schumann
  215.000000  0.180393E+01  0.383800E+00   0.000  1  CBMAMI_2014_Schumann
  220.000000  0.252901E+01  0.381373E+00   0.000  1  CBMAMI_2014_Schumann
  225.000000  0.207479E+01  0.452025E+00   0.000  1  CBMAMI_2014_Schumann
  230.000000  0.303241E+01  0.429918E+00   0.000  1  CBMAMI_2014_Schumann
  235.000000  0.303226E+01  0.450744E+00   0.000  1  CBMAMI_2014_Schumann
  240.000000  0.307599E+01  0.506754E+00   0.000  1  CBMAMI_2014_Schumann
  245.000000  0.492118E+01  0.517358E+00   0.000  1  CBMAMI_2014_Schumann
  250.000000  0.468485E+01  0.528097E+00   0.000  1  CBMAMI_2014_Schumann
  255.000000  0.646705E+01  0.575247E+00   0.000  1  CBMAMI_2014_Schumann
  260.000000  0.581477E+01  0.720494E+00   0.000  1  CBMAMI_2014_Schumann
  265.000000  0.860667E+01  0.632613E+00   0.000  1  CBMAMI_2014_Schumann
  270.000000  0.923983E+01  0.626617E+00   0.000  1  CBMAMI_2014_Schumann
  275.000000  0.957290E+01  0.640471E+00   0.000  1  CBMAMI_2014_Schumann
  280.000000  0.106603E+02  0.673379E+00   0.000  1  CBMAMI_2014_Schumann
  285.000000  0.106600E+02  0.679929E+00   0.000  1  CBMAMI_2014_Schumann
  290.000000  0.112155E+02  0.735292E+00   0.000  1  CBMAMI_2014_Schumann
  295.000000  0.132765E+02  0.756806E+00   0.000  1  CBMAMI_2014_Schumann
  300.000000  0.133255E+02  0.798984E+00   0.000  1  CBMAMI_2014_Schumann
  310.000000  0.161351E+02  0.815356E+00   0.000  1  CBMAMI_2014_Schumann
  320.000000  0.158881E+02  0.101211E+01   0.000  1  CBMAMI_2014_Schumann
  330.000000  0.129794E+02  0.924019E+00   0.000  1  CBMAMI_2014_Schumann
  340.000000  0.131142E+02  0.934568E+00   0.000  1  CBMAMI_2014_Schumann
  350.000000  0.103091E+02  0.912362E+00   0.000  1  CBMAMI_2014_Schumann
  360.000000  0.103648E+02  0.105361E+01   0.000  1  CBMAMI_2014_Schumann
  370.000000  0.741547E+01  0.824654E+00   0.000  1  CBMAMI_2014_Schumann
  380.000000  0.666067E+01  0.835632E+00   0.000  1  CBMAMI_2014_Schumann
  390.000000  0.466995E+01  0.769486E+00   0.000  1  CBMAMI_2014_Schumann
  400.000000  0.443389E+01  0.745041E+00   0.000  1  CBMAMI_2014_Schumann
  410.000000  0.319936E+01  0.884615E+00   0.000  1  CBMAMI_2014_Schumann
  420.000000  0.422564E+01  0.116215E+01   0.000  1  CBMAMI_2014_Schumann
   -0.422618   44
  147.000000 -0.137146E-01  0.298470E-01   0.000  1  CBMAMI_2014_Schumann
  150.000000  0.934526E-01  0.744750E-01   0.000  1  CBMAMI_2014_Schumann
  155.000000  0.289228E-01  0.718060E-01   0.000  1  CBMAMI_2014_Schumann
  160.000000  0.937642E-01  0.990780E-01   0.000  1  CBMAMI_2014_Schumann
  165.000000  0.159437E+00  0.130521E+00   0.000  1  CBMAMI_2014_Schumann
  170.000000  0.147575E+00  0.135223E+00   0.000  1  CBMAMI_2014_Schumann
  175.000000  0.371501E+00  0.172647E+00   0.000  1  CBMAMI_2014_Schumann
  180.000000  0.523560E+00  0.184175E+00   0.000  1  CBMAMI_2014_Schumann
  185.000000  0.206897E+00  0.223442E+00   0.000  1  CBMAMI_2014_Schumann
  190.000000  0.706659E+00  0.218259E+00   0.000  1  CBMAMI_2014_Schumann
  195.000000  0.424735E+00  0.241614E+00   0.000  1  CBMAMI_2014_Schumann
  200.000000  0.945343E+00  0.287475E+00   0.000  1  CBMAMI_2014_Schumann
  205.000000  0.166685E+01  0.306633E+00   0.000  1  CBMAMI_2014_Schumann
  210.000000  0.117245E+01  0.339987E+00   0.000  1  CBMAMI_2014_Schumann
  215.000000  0.161099E+01  0.365597E+00   0.000  1  CBMAMI_2014_Schumann
  220.000000  0.191676E+01  0.368746E+00   0.000  1  CBMAMI_2014_Schumann
  225.000000  0.250840E+01  0.438761E+00   0.000  1  CBMAMI_2014_Schumann
  230.000000  0.216552E+01  0.416382E+00   0.000  1  CBMAMI_2014_Schumann
  235.000000  0.246128E+01  0.436021E+00   0.000  1  CBMAMI_2014_Schumann
  240.000000  0.367926E+01  0.489067E+00   0.000  1  CBMAMI_2014_Schumann
  245.000000  0.287893E+01  0.501531E+00   0.000  1  CBMAMI_2014_Schumann
  250.000000  0.389488E+01  0.509680E+00   0.000  1  CBMAMI_2014_Schumann
  255.000000  0.526234E+01  0.548803E+00   0.000  1  CBMAMI_2014_Schumann
  260.000000  0.488628E+01  0.692280E+00   0.000  1  CBMAMI_2014_Schumann
  265.000000  0.576275E+01  0.607462E+00   0.000  1  CBMAMI_2014_Schumann
  270.000000  0.656796E+01  0.599877E+00   0.000  1  CBMAMI_2014_Schumann
  275.000000  0.645072E+01  0.614166E+00   0.000  1  CBMAMI_2014_Schumann
  280.000000  0.789192E+01  0.648661E+00   0.000  1  CBMAMI_2014_Schumann
  285.000000  0.869213E+01  0.657693E+00   0.000  1  CBMAMI_2014_Schumann
  290.000000  0.844394E+01  0.701310E+00   0.000  1  CBMAMI_2014_Schumann
  295.000000  0.954616E+01  0.705591E+00   0.000  1  CBMAMI_2014_Schumann
  300.000000  0.107508E+02  0.742385E+00   0.000  1  CBMAMI_2014_Schumann
  310.000000  0.118013E+02  0.744752E+00   0.000  1  CBMAMI_2014_Schumann
  320.000000  0.102627E+02  0.942304E+00   0.000  1  CBMAMI_2014_Schumann
  330.000000  0.748878E+01  0.886520E+00   0.000  1  CBMAMI_2014_Schumann
  340.000000  0.767348E+01  0.898670E+00   0.000  1  CBMAMI_2014_Schumann
  350.000000  0.865207E+01  0.882922E+00   0.000  1  CBMAMI_2014_Schumann
  360.000000  0.673167E+01  0.101052E+01   0.000  1  CBMAMI_2014_Schumann
  370.000000  0.554036E+01  0.798777E+00   0.000  1  CBMAMI_2014_Schumann
  380.000000  0.425480E+01  0.807829E+00   0.000  1  CBMAMI_2014_Schumann
  390.000000  0.452831E+01  0.749960E+00   0.000  1  CBMAMI_2014_Schumann
  400.000000  0.395983E+01  0.731890E+00   0.000  1  CBMAMI_2014_Schumann
  410.000000  0.385619E+01  0.854687E+00   0.000  1  CBMAMI_2014_Schumann
  420.000000  0.602930E+00  0.110083E+01   0.000  1  CBMAMI_2014_Schumann
   -0.258819   44
  147.000000 -0.269131E-01  0.358450E-01   0.000  1  CBMAMI_2014_Schumann
  150.000000  0.310162E-01  0.653820E-01   0.000  1  CBMAMI_2014_Schumann
  155.000000  0.579634E-01  0.741140E-01   0.000  1  CBMAMI_2014_Schumann
  160.000000  0.472220E-01  0.101283E+00   0.000  1  CBMAMI_2014_Schumann
  165.000000  0.108597E+00  0.137411E+00   0.000  1  CBMAMI_2014_Schumann
  170.000000  0.102040E+00  0.135234E+00   0.000  1  CBMAMI_2014_Schumann
  175.000000  0.127842E+00  0.171603E+00   0.000  1  CBMAMI_2014_Schumann
  180.000000  0.349263E+00  0.182525E+00   0.000  1  CBMAMI_2014_Schumann
  185.000000 -0.233771E-01  0.221869E+00   0.000  1  CBMAMI_2014_Schumann
  190.000000  0.631352E+00  0.220340E+00   0.000  1  CBMAMI_2014_Schumann
  195.000000  0.548983E+00  0.243903E+00   0.000  1  CBMAMI_2014_Schumann
  200.000000  0.442871E+00  0.286625E+00   0.000  1  CBMAMI_2014_Schumann
  205.000000  0.867499E+00  0.306513E+00   0.000  1  CBMAMI_2014_Schumann
  210.000000  0.133342E+01  0.338807E+00   0.000  1  CBMAMI_2014_Schumann
  215.000000  0.196336E+01  0.364395E+00   0.000  1  CBMAMI_2014_Schumann
  220.000000  0.942967E+00  0.369771E+00   0.000  1  CBMAMI_2014_Schumann
  225.000000  0.144630E+01  0.440421E+00   0.000  1  CBMAMI_2014_Schumann
  230.000000  0.130547E+01  0.413189E+00   0.000  1  CBMAMI_2014_Schumann
  235.000000  0.185594E+01  0.431297E+00   0.000  1  CBMAMI_2014_Schumann
  240.000000  0.159085E+01  0.483799E+00   0.000  1  CBMAMI_2014_Schumann
  245.000000  0.239455E+01  0.502863E+00   0.000  1  CBMAMI_2014_Schumann
  250.000000  0.211784E+01  0.503061E+00   0.000  1  CBMAMI_2014_Schumann
  255.000000  0.300254E+01  0.535774E+00   0.000  1  CBMAMI_2014_Schumann
  260.000000  0.860039E+00  0.676349E+00   0.000  1  CBMAMI_2014_Schumann
  265.000000  0.374595E+01  0.591805E+00   0.000  1  CBMAMI_2014_Schumann
  270.000000  0.384078E+01  0.590660E+00   0.000  1  CBMAMI_2014_Schumann
  275.000000  0.356627E+01  0.602371E+00   0.000  1  CBMAMI_2014_Schumann
  280.000000  0.329672E+01  0.637379E+00   0.000  1  CBMAMI_2014_Schumann
  285.000000  0.403963E+01  0.646346E+00   0.000  1  CBMAMI_2014_Schumann
  290.000000  0.355511E+01  0.693332E+00   0.000  1  CBMAMI_2014_Schumann
  295.000000  0.530577E+01  0.694460E+00   0.000  1  CBMAMI_2014_Schumann
  300.000000  0.631203E+01  0.722923E+00   0.000  1  CBMAMI_2014_Schumann
  310.000000  0.602371E+01  0.723898E+00   0.000  1  CBMAMI_2014_Schumann
  320.000000  0.493085E+01  0.918222E+00   0.000  1  CBMAMI_2014_Schumann
  330.000000  0.444919E+01  0.863471E+00   0.000  1  CBMAMI_2014_Schumann
  340.000000  0.278756E+01  0.896822E+00   0.000  1  CBMAMI_2014_Schumann
  350.000000  0.526195E+01  0.872724E+00   0.000  1  CBMAMI_2014_Schumann
  360.000000  0.366184E+01  0.992940E+00   0.000  1  CBMAMI_2014_Schumann
  370.000000  0.293920E+01  0.784395E+00   0.000  1  CBMAMI_2014_Schumann
  380.000000  0.184896E+01  0.800405E+00   0.000  1  CBMAMI_2014_Schumann
  390.000000  0.245715E+01  0.741468E+00   0.000  1  CBMAMI_2014_Schumann
  400.000000  0.529473E+00  0.720770E+00   0.000  1  CBMAMI_2014_Schumann
  410.000000  0.171381E+01  0.852447E+00   0.000  1  CBMAMI_2014_Schumann
  420.000000  0.141140E+01  0.109639E+01   0.000  1  CBMAMI_2014_Schumann
   -0.087156   44
  147.000000 -0.488656E-01  0.944750E-01   0.000  1  CBMAMI_2014_Schumann
  150.000000 -0.775270E-01  0.656490E-01   0.000  1  CBMAMI_2014_Schumann
  155.000000 -0.109503E+00  0.725310E-01   0.000  1  CBMAMI_2014_Schumann
  160.000000  0.187553E+00  0.105753E+00   0.000  1  CBMAMI_2014_Schumann
  165.000000  0.969680E-01  0.141714E+00   0.000  1  CBMAMI_2014_Schumann
  170.000000  0.130552E+00  0.145155E+00   0.000  1  CBMAMI_2014_Schumann
  175.000000  0.287225E+00  0.180893E+00   0.000  1  CBMAMI_2014_Schumann
  180.000000 -0.977733E-01  0.195916E+00   0.000  1  CBMAMI_2014_Schumann
  185.000000 -0.119026E+00  0.234647E+00   0.000  1  CBMAMI_2014_Schumann
  190.000000  0.311022E+00  0.234894E+00   0.000  1  CBMAMI_2014_Schumann
  195.000000  0.534308E-01  0.256178E+00   0.000  1  CBMAMI_2014_Schumann
  200.000000  0.785224E-01  0.301218E+00   0.000  1  CBMAMI_2014_Schumann
  205.000000  0.703931E-02  0.324637E+00   0.000  1  CBMAMI_2014_Schumann
  210.000000  0.403302E+00  0.352783E+00   0.000  1  CBMAMI_2014_Schumann
  215.000000  0.660949E+00  0.377041E+00   0.000  1  CBMAMI_2014_Schumann
  220.000000  0.904317E+00  0.383739E+00   0.000  1  CBMAMI_2014_Schumann
  225.000000  0.829781E+00  0.447370E+00   0.000  1  CBMAMI_2014_Schumann
  230.000000  0.119069E+01  0.420901E+00   0.000  1  CBMAMI_2014_Schumann
  235.000000  0.572225E+00  0.437203E+00   0.000  1  CBMAMI_2014_Schumann
  240.000000 -0.299742E+00  0.491140E+00   0.000  1  CBMAMI_2014_Schumann
  245.000000  0.185723E+00  0.495687E+00   0.000  1  CBMAMI_2014_Schumann
  250.000000  0.878764E+00  0.506448E+00   0.000  1  CBMAMI_2014_Schumann
  255.000000 -0.783990E-01  0.545758E+00   0.000  1  CBMAMI_2014_Schumann
  260.000000 -0.154201E+00  0.676931E+00   0.000  1  CBMAMI_2014_Schumann
  265.000000 -0.751870E-01  0.592019E+00   0.000  1  CBMAMI_2014_Schumann
  270.000000  0.409483E+00  0.588842E+00   0.000  1  CBMAMI_2014_Schumann
  275.000000  0.899226E+00  0.600357E+00   0.000  1  CBMAMI_2014_Schumann
  280.000000 -0.223565E-01  0.628279E+00   0.000  1  CBMAMI_2014_Schumann
  285.000000  0.247188E+00  0.647445E+00   0.000  1  CBMAMI_2014_Schumann
  290.000000 -0.297078E+00  0.691099E+00   0.000  1  CBMAMI_2014_Schumann
  295.000000 -0.935581E+00  0.689506E+00   0.000  1  CBMAMI_2014_Schumann
  300.000000 -0.619394E+00  0.723665E+00   0.000  1  CBMAMI_2014_Schumann
  310.000000 -0.419565E+01  0.716968E+00   0.000  1  CBMAMI_2014_Schumann
  320.000000 -0.240363E+01  0.916400E+00   0.000  1  CBMAMI_2014_Schumann
  330.000000 -0.941791E+00  0.859098E+00   0.000  1  CBMAMI_2014_Schumann
  340.000000 -0.199909E+01  0.886072E+00   0.000  1  CBMAMI_2014_Schumann
  350.000000 -0.150148E+01  0.868680E+00   0.000  1  CBMAMI_2014_Schumann
  360.000000 -0.237118E+01  0.992564E+00   0.000  1  CBMAMI_2014_Schumann
  370.000000 -0.149163E+01  0.786493E+00   0.000  1  CBMAMI_2014_Schumann
  380.000000 -0.172989E+01  0.799311E+00   0.000  1  CBMAMI_2014_Schumann
  390.000000 -0.146804E+01  0.740221E+00   0.000  1  CBMAMI_2014_Schumann
  400.000000 -0.487752E+00  0.714881E+00   0.000  1  CBMAMI_2014_Schumann
  410.000000 -0.270337E+01  0.849313E+00   0.000  1  CBMAMI_2014_Schumann
  420.000000 -0.476691E+00  0.107494E+01   0.000  1  CBMAMI_2014_Schumann
    0.087156   44
  147.000000 -0.439749E-02  0.360140E-01   0.000  1  CBMAMI_2014_Schumann
  150.000000  0.751238E-01  0.698720E-01   0.000  1  CBMAMI_2014_Schumann
  155.000000  0.165426E-01  0.805250E-01   0.000  1  CBMAMI_2014_Schumann
  160.000000  0.851123E-02  0.121196E+00   0.000  1  CBMAMI_2014_Schumann
  165.000000  0.412639E+00  0.167415E+00   0.000  1  CBMAMI_2014_Schumann
  170.000000  0.287423E+00  0.169136E+00   0.000  1  CBMAMI_2014_Schumann
  175.000000 -0.178073E+00  0.215881E+00   0.000  1  CBMAMI_2014_Schumann
  180.000000 -0.338147E-01  0.225227E+00   0.000  1  CBMAMI_2014_Schumann
  185.000000 -0.134834E+00  0.271104E+00   0.000  1  CBMAMI_2014_Schumann
  190.000000  0.280515E+00  0.265460E+00   0.000  1  CBMAMI_2014_Schumann
  195.000000 -0.138574E+00  0.288450E+00   0.000  1  CBMAMI_2014_Schumann
  200.000000 -0.729819E-01  0.337648E+00   0.000  1  CBMAMI_2014_Schumann
  205.000000 -0.160834E+00  0.353485E+00   0.000  1  CBMAMI_2014_Schumann
  210.000000 -0.607536E+00  0.383620E+00   0.000  1  CBMAMI_2014_Schumann
  215.000000  0.319409E+00  0.409887E+00   0.000  1  CBMAMI_2014_Schumann
  220.000000 -0.264777E+00  0.408279E+00   0.000  1  CBMAMI_2014_Schumann
  225.000000 -0.418773E+00  0.479023E+00   0.000  1  CBMAMI_2014_Schumann
  230.000000 -0.942083E+00  0.444588E+00   0.000  1  CBMAMI_2014_Schumann
  235.000000 -0.380796E+00  0.455725E+00   0.000  1  CBMAMI_2014_Schumann
  240.000000 -0.174038E+01  0.507640E+00   0.000  1  CBMAMI_2014_Schumann
  245.000000 -0.703178E+00  0.513219E+00   0.000  1  CBMAMI_2014_Schumann
  250.000000 -0.152736E+01  0.522804E+00   0.000  1  CBMAMI_2014_Schumann
  255.000000 -0.132420E+01  0.587529E+00   0.000  1  CBMAMI_2014_Schumann
  260.000000 -0.129974E+01  0.692729E+00   0.000  1  CBMAMI_2014_Schumann
  265.000000 -0.227501E+01  0.609129E+00   0.000  1  CBMAMI_2014_Schumann
  270.000000 -0.297402E+01  0.601321E+00   0.000  1  CBMAMI_2014_Schumann
  275.000000 -0.368226E+01  0.612706E+00   0.000  1  CBMAMI_2014_Schumann
  280.000000 -0.446647E+01  0.640624E+00   0.000  1  CBMAMI_2014_Schumann
  285.000000 -0.552641E+01  0.651726E+00   0.000  1  CBMAMI_2014_Schumann
  290.000000 -0.387717E+01  0.696982E+00   0.000  1  CBMAMI_2014_Schumann
  295.000000 -0.570942E+01  0.701263E+00   0.000  1  CBMAMI_2014_Schumann
  300.000000 -0.655985E+01  0.726162E+00   0.000  1  CBMAMI_2014_Schumann
  310.000000 -0.604099E+01  0.727923E+00   0.000  1  CBMAMI_2014_Schumann
  320.000000 -0.716317E+01  0.917485E+00   0.000  1  CBMAMI_2014_Schumann
  330.000000 -0.822417E+01  0.869302E+00   0.000  1  CBMAMI_2014_Schumann
  340.000000 -0.825293E+01  0.892406E+00   0.000  1  CBMAMI_2014_Schumann
  350.000000 -0.841252E+01  0.879696E+00   0.000  1  CBMAMI_2014_Schumann
  360.000000 -0.670204E+01  0.100674E+01   0.000  1  CBMAMI_2014_Schumann
  370.000000 -0.534558E+01  0.797577E+00   0.000  1  CBMAMI_2014_Schumann
  380.000000 -0.628767E+01  0.806186E+00   0.000  1  CBMAMI_2014_Schumann
  390.000000 -0.395780E+01  0.751660E+00   0.000  1  CBMAMI_2014_Schumann
  400.000000 -0.398578E+01  0.724857E+00   0.000  1  CBMAMI_2014_Schumann
  410.000000 -0.409756E+01  0.857251E+00   0.000  1  CBMAMI_2014_Schumann
  420.000000 -0.358536E+01  0.111087E+01   0.000  1  CBMAMI_2014_Schumann
    0.258819   44
  147.000000 -0.441736E-02  0.259040E-01   0.000  1  CBMAMI_2014_Schumann
  150.000000 -0.410186E-01  0.734420E-01   0.000  1  CBMAMI_2014_Schumann
  155.000000 -0.768945E-01  0.940480E-01   0.000  1  CBMAMI_2014_Schumann
  160.000000 -0.179533E+00  0.146969E+00   0.000  1  CBMAMI_2014_Schumann
  165.000000 -0.109392E+00  0.204753E+00   0.000  1  CBMAMI_2014_Schumann
  170.000000 -0.372120E+00  0.206320E+00   0.000  1  CBMAMI_2014_Schumann
  175.000000 -0.856717E-01  0.259903E+00   0.000  1  CBMAMI_2014_Schumann
  180.000000 -0.487616E-01  0.275601E+00   0.000  1  CBMAMI_2014_Schumann
  185.000000  0.229494E+00  0.332683E+00   0.000  1  CBMAMI_2014_Schumann
  190.000000 -0.515230E+00  0.318868E+00   0.000  1  CBMAMI_2014_Schumann
  195.000000 -0.800338E+00  0.351117E+00   0.000  1  CBMAMI_2014_Schumann
  200.000000 -0.617960E+00  0.402224E+00   0.000  1  CBMAMI_2014_Schumann
  205.000000 -0.150661E+01  0.421091E+00   0.000  1  CBMAMI_2014_Schumann
  210.000000 -0.123429E+01  0.450633E+00   0.000  1  CBMAMI_2014_Schumann
  215.000000 -0.107764E+01  0.472339E+00   0.000  1  CBMAMI_2014_Schumann
  220.000000 -0.658733E+00  0.467719E+00   0.000  1  CBMAMI_2014_Schumann
  225.000000 -0.228280E+01  0.540559E+00   0.000  1  CBMAMI_2014_Schumann
  230.000000 -0.210150E+01  0.493031E+00   0.000  1  CBMAMI_2014_Schumann
  235.000000 -0.250989E+01  0.506350E+00   0.000  1  CBMAMI_2014_Schumann
  240.000000 -0.206123E+01  0.557415E+00   0.000  1  CBMAMI_2014_Schumann
  245.000000 -0.306950E+01  0.560027E+00   0.000  1  CBMAMI_2014_Schumann
  250.000000 -0.236238E+01  0.560017E+00   0.000  1  CBMAMI_2014_Schumann
  255.000000 -0.383587E+01  0.593394E+00   0.000  1  CBMAMI_2014_Schumann
  260.000000 -0.430473E+01  0.728175E+00   0.000  1  CBMAMI_2014_Schumann
  265.000000 -0.358462E+01  0.636916E+00   0.000  1  CBMAMI_2014_Schumann
  270.000000 -0.657313E+01  0.628182E+00   0.000  1  CBMAMI_2014_Schumann
  275.000000 -0.775029E+01  0.639079E+00   0.000  1  CBMAMI_2014_Schumann
  280.000000 -0.703759E+01  0.662932E+00   0.000  1  CBMAMI_2014_Schumann
  285.000000 -0.832903E+01  0.678773E+00   0.000  1  CBMAMI_2014_Schumann
  290.000000 -0.909935E+01  0.718408E+00   0.000  1  CBMAMI_2014_Schumann
  295.000000 -0.117065E+02  0.722103E+00   0.000  1  CBMAMI_2014_Schumann
  300.000000 -0.112193E+02  0.752899E+00   0.000  1  CBMAMI_2014_Schumann
  310.000000 -0.139362E+02  0.744579E+00   0.000  1  CBMAMI_2014_Schumann
  320.000000 -0.109300E+02  0.939228E+00   0.000  1  CBMAMI_2014_Schumann
  330.000000 -0.138583E+02  0.885134E+00   0.000  1  CBMAMI_2014_Schumann
  340.000000 -0.143156E+02  0.908723E+00   0.000  1  CBMAMI_2014_Schumann
  350.000000 -0.134505E+02  0.901360E+00   0.000  1  CBMAMI_2014_Schumann
  360.000000 -0.114143E+02  0.102966E+01   0.000  1  CBMAMI_2014_Schumann
  370.000000 -0.999678E+01  0.811158E+00   0.000  1  CBMAMI_2014_Schumann
  380.000000 -0.100273E+02  0.832443E+00   0.000  1  CBMAMI_2014_Schumann
  390.000000 -0.837025E+01  0.778839E+00   0.000  1  CBMAMI_2014_Schumann
  400.000000 -0.820152E+01  0.747771E+00   0.000  1  CBMAMI_2014_Schumann
  410.000000 -0.589098E+01  0.881666E+00   0.000  1  CBMAMI_2014_Schumann
  420.000000 -0.745339E+01  0.114643E+01   0.000  1  CBMAMI_2014_Schumann
    0.422618   44
  147.000000 -0.591292E-01  0.336340E-01   0.000  1  CBMAMI_2014_Schumann
  150.000000  0.506241E-02  0.754320E-01   0.000  1  CBMAMI_2014_Schumann
  155.000000 -0.570727E-01  0.113553E+00   0.000  1  CBMAMI_2014_Schumann
  160.000000  0.186063E+00  0.174383E+00   0.000  1  CBMAMI_2014_Schumann
  165.000000 -0.299536E+00  0.242832E+00   0.000  1  CBMAMI_2014_Schumann
  170.000000 -0.418148E+00  0.245023E+00   0.000  1  CBMAMI_2014_Schumann
  175.000000 -0.185247E+00  0.316730E+00   0.000  1  CBMAMI_2014_Schumann
  180.000000  0.664213E-01  0.335425E+00   0.000  1  CBMAMI_2014_Schumann
  185.000000  0.110527E+00  0.403304E+00   0.000  1  CBMAMI_2014_Schumann
  190.000000 -0.696587E-01  0.392951E+00   0.000  1  CBMAMI_2014_Schumann
  195.000000 -0.108197E+01  0.430903E+00   0.000  1  CBMAMI_2014_Schumann
  200.000000 -0.943881E+00  0.498811E+00   0.000  1  CBMAMI_2014_Schumann
  205.000000 -0.129515E+00  0.510974E+00   0.000  1  CBMAMI_2014_Schumann
  210.000000 -0.117671E+01  0.544251E+00   0.000  1  CBMAMI_2014_Schumann
  215.000000 -0.115620E+01  0.579176E+00   0.000  1  CBMAMI_2014_Schumann
  220.000000 -0.148325E+01  0.566950E+00   0.000  1  CBMAMI_2014_Schumann
  225.000000 -0.442999E+00  0.640035E+00   0.000  1  CBMAMI_2014_Schumann
  230.000000 -0.354618E+01  0.589555E+00   0.000  1  CBMAMI_2014_Schumann
  235.000000 -0.305552E+01  0.592458E+00   0.000  1  CBMAMI_2014_Schumann
  240.000000 -0.306741E+01  0.648403E+00   0.000  1  CBMAMI_2014_Schumann
  245.000000 -0.408350E+01  0.640643E+00   0.000  1  CBMAMI_2014_Schumann
  250.000000 -0.464077E+01  0.635956E+00   0.000  1  CBMAMI_2014_Schumann
  255.000000 -0.447687E+01  0.669911E+00   0.000  1  CBMAMI_2014_Schumann
  260.000000 -0.603293E+01  0.822749E+00   0.000  1  CBMAMI_2014_Schumann
  265.000000 -0.584025E+01  0.702217E+00   0.000  1  CBMAMI_2014_Schumann
  270.000000 -0.900060E+01  0.686408E+00   0.000  1  CBMAMI_2014_Schumann
  275.000000 -0.966528E+01  0.691797E+00   0.000  1  CBMAMI_2014_Schumann
  280.000000 -0.113191E+02  0.712178E+00   0.000  1  CBMAMI_2014_Schumann
  285.000000 -0.128230E+02  0.722739E+00   0.000  1  CBMAMI_2014_Schumann
  290.000000 -0.142533E+02  0.762152E+00   0.000  1  CBMAMI_2014_Schumann
  295.000000 -0.147251E+02  0.758759E+00   0.000  1  CBMAMI_2014_Schumann
  300.000000 -0.156756E+02  0.782250E+00   0.000  1  CBMAMI_2014_Schumann
  310.000000 -0.179018E+02  0.778154E+00   0.000  1  CBMAMI_2014_Schumann
  320.000000 -0.197967E+02  0.977737E+00   0.000  1  CBMAMI_2014_Schumann
  330.000000 -0.195393E+02  0.915352E+00   0.000  1  CBMAMI_2014_Schumann
  340.000000 -0.167187E+02  0.935139E+00   0.000  1  CBMAMI_2014_Schumann
  350.000000 -0.180150E+02  0.927883E+00   0.000  1  CBMAMI_2014_Schumann
  360.000000 -0.165859E+02  0.106326E+01   0.000  1  CBMAMI_2014_Schumann
  370.000000 -0.148742E+02  0.841776E+00   0.000  1  CBMAMI_2014_Schumann
  380.000000 -0.130704E+02  0.858924E+00   0.000  1  CBMAMI_2014_Schumann
  390.000000 -0.118204E+02  0.802946E+00   0.000  1  CBMAMI_2014_Schumann
  400.000000 -0.931166E+01  0.779084E+00   0.000  1  CBMAMI_2014_Schumann
  410.000000 -0.102512E+02  0.929560E+00   0.000  1  CBMAMI_2014_Schumann
  420.000000 -0.809897E+01  0.118367E+01   0.000  1  CBMAMI_2014_Schumann
    0.573576   44
  147.000000 -0.561542E-02  0.310290E-01   0.000  1  CBMAMI_2014_Schumann
  150.000000 -0.235962E+00  0.869470E-01   0.000  1  CBMAMI_2014_Schumann
  155.000000 -0.534151E-01  0.127584E+00   0.000  1  CBMAMI_2014_Schumann
  160.000000  0.100638E+00  0.194763E+00   0.000  1  CBMAMI_2014_Schumann
  165.000000 -0.159450E+00  0.270453E+00   0.000  1  CBMAMI_2014_Schumann
  170.000000  0.184635E+00  0.279869E+00   0.000  1  CBMAMI_2014_Schumann
  175.000000 -0.282170E+00  0.359339E+00   0.000  1  CBMAMI_2014_Schumann
  180.000000  0.161342E+00  0.385256E+00   0.000  1  CBMAMI_2014_Schumann
  185.000000 -0.819468E+00  0.468558E+00   0.000  1  CBMAMI_2014_Schumann
  190.000000 -0.248101E+00  0.457897E+00   0.000  1  CBMAMI_2014_Schumann
  195.000000 -0.115138E-01  0.504165E+00   0.000  1  CBMAMI_2014_Schumann
  200.000000  0.648163E+00  0.588513E+00   0.000  1  CBMAMI_2014_Schumann
  205.000000 -0.134744E+01  0.605599E+00   0.000  1  CBMAMI_2014_Schumann
  210.000000 -0.375286E+00  0.663521E+00   0.000  1  CBMAMI_2014_Schumann
  215.000000  0.408314E+00  0.688718E+00   0.000  1  CBMAMI_2014_Schumann
  220.000000 -0.200129E+01  0.681799E+00   0.000  1  CBMAMI_2014_Schumann
  225.000000 -0.111667E+01  0.780973E+00   0.000  1  CBMAMI_2014_Schumann
  230.000000 -0.255119E+01  0.706931E+00   0.000  1  CBMAMI_2014_Schumann
  235.000000 -0.326963E+01  0.716436E+00   0.000  1  CBMAMI_2014_Schumann
  240.000000 -0.409173E+01  0.784939E+00   0.000  1  CBMAMI_2014_Schumann
  245.000000 -0.366820E+01  0.774354E+00   0.000  1  CBMAMI_2014_Schumann
  250.000000 -0.506707E+01  0.760396E+00   0.000  1  CBMAMI_2014_Schumann
  255.000000 -0.645049E+01  0.790014E+00   0.000  1  CBMAMI_2014_Schumann
  260.000000 -0.712876E+01  0.973378E+00   0.000  1  CBMAMI_2014_Schumann
  265.000000 -0.860486E+01  0.818580E+00   0.000  1  CBMAMI_2014_Schumann
  270.000000 -0.868341E+01  0.790721E+00   0.000  1  CBMAMI_2014_Schumann
  275.000000 -0.113848E+02  0.799126E+00   0.000  1  CBMAMI_2014_Schumann
  280.000000 -0.129477E+02  0.811323E+00   0.000  1  CBMAMI_2014_Schumann
  285.000000 -0.145647E+02  0.812931E+00   0.000  1  CBMAMI_2014_Schumann
  290.000000 -0.144112E+02  0.850663E+00   0.000  1  CBMAMI_2014_Schumann
  295.000000 -0.172507E+02  0.839119E+00   0.000  1  CBMAMI_2014_Schumann
  300.000000 -0.175403E+02  0.861329E+00   0.000  1  CBMAMI_2014_Schumann
  310.000000 -0.230395E+02  0.842283E+00   0.000  1  CBMAMI_2014_Schumann
  320.000000 -0.191978E+02  0.104299E+01   0.000  1  CBMAMI_2014_Schumann
  330.000000 -0.195853E+02  0.975730E+00   0.000  1  CBMAMI_2014_Schumann
  340.000000 -0.189209E+02  0.100103E+01   0.000  1  CBMAMI_2014_Schumann
  350.000000 -0.198785E+02  0.985200E+00   0.000  1  CBMAMI_2014_Schumann
  360.000000 -0.164537E+02  0.111225E+01   0.000  1  CBMAMI_2014_Schumann
  370.000000 -0.156990E+02  0.894347E+00   0.000  1  CBMAMI_2014_Schumann
  380.000000 -0.147779E+02  0.908155E+00   0.000  1  CBMAMI_2014_Schumann
  390.000000 -0.116160E+02  0.850813E+00   0.000  1  CBMAMI_2014_Schumann
  400.000000 -0.110168E+02  0.827813E+00   0.000  1  CBMAMI_2014_Schumann
  410.000000 -0.115835E+02  0.985351E+00   0.000  1  CBMAMI_2014_Schumann
  420.000000 -0.109276E+02  0.127809E+01   0.000  1  CBMAMI_2014_Schumann
    0.707107   44
  147.000000 -0.146498E-01  0.378390E-01   0.000  1  CBMAMI_2014_Schumann
  150.000000 -0.874575E-01  0.946410E-01   0.000  1  CBMAMI_2014_Schumann
  155.000000 -0.133948E+00  0.132086E+00   0.000  1  CBMAMI_2014_Schumann
  160.000000 -0.291526E+00  0.209074E+00   0.000  1  CBMAMI_2014_Schumann
  165.000000  0.765828E-01  0.282023E+00   0.000  1  CBMAMI_2014_Schumann
  170.000000 -0.136669E+00  0.295355E+00   0.000  1  CBMAMI_2014_Schumann
  175.000000 -0.612999E+00  0.378654E+00   0.000  1  CBMAMI_2014_Schumann
  180.000000 -0.945404E+00  0.409313E+00   0.000  1  CBMAMI_2014_Schumann
  185.000000 -0.711064E+00  0.504467E+00   0.000  1  CBMAMI_2014_Schumann
  190.000000 -0.110112E+01  0.506239E+00   0.000  1  CBMAMI_2014_Schumann
  195.000000 -0.223447E+00  0.553855E+00   0.000  1  CBMAMI_2014_Schumann
  200.000000 -0.994891E+00  0.652616E+00   0.000  1  CBMAMI_2014_Schumann
  205.000000 -0.171966E+01  0.693338E+00   0.000  1  CBMAMI_2014_Schumann
  210.000000 -0.972024E+00  0.749826E+00   0.000  1  CBMAMI_2014_Schumann
  215.000000 -0.211402E+01  0.809215E+00   0.000  1  CBMAMI_2014_Schumann
  220.000000 -0.285734E+01  0.794814E+00   0.000  1  CBMAMI_2014_Schumann
  225.000000 -0.126897E+01  0.916641E+00   0.000  1  CBMAMI_2014_Schumann
  230.000000 -0.269570E+01  0.839069E+00   0.000  1  CBMAMI_2014_Schumann
  235.000000 -0.476819E+01  0.847683E+00   0.000  1  CBMAMI_2014_Schumann
  240.000000 -0.386556E+01  0.934684E+00   0.000  1  CBMAMI_2014_Schumann
  245.000000 -0.391673E+01  0.927537E+00   0.000  1  CBMAMI_2014_Schumann
  250.000000 -0.621576E+01  0.917912E+00   0.000  1  CBMAMI_2014_Schumann
  255.000000 -0.553609E+01  0.971578E+00   0.000  1  CBMAMI_2014_Schumann
  260.000000 -0.630550E+01  0.116305E+01   0.000  1  CBMAMI_2014_Schumann
  265.000000 -0.719354E+01  0.996537E+00   0.000  1  CBMAMI_2014_Schumann
  270.000000 -0.842295E+01  0.963862E+00   0.000  1  CBMAMI_2014_Schumann
  275.000000 -0.117758E+02  0.958442E+00   0.000  1  CBMAMI_2014_Schumann
  280.000000 -0.127135E+02  0.992761E+00   0.000  1  CBMAMI_2014_Schumann
  285.000000 -0.136441E+02  0.972757E+00   0.000  1  CBMAMI_2014_Schumann
  290.000000 -0.142296E+02  0.102228E+01   0.000  1  CBMAMI_2014_Schumann
  295.000000 -0.158721E+02  0.100570E+01   0.000  1  CBMAMI_2014_Schumann
  300.000000 -0.165741E+02  0.103036E+01   0.000  1  CBMAMI_2014_Schumann
  310.000000 -0.190516E+02  0.993129E+00   0.000  1  CBMAMI_2014_Schumann
  320.000000 -0.197358E+02  0.123129E+01   0.000  1  CBMAMI_2014_Schumann
  330.000000 -0.206145E+02  0.112598E+01   0.000  1  CBMAMI_2014_Schumann
  340.000000 -0.197183E+02  0.114183E+01   0.000  1  CBMAMI_2014_Schumann
  350.000000 -0.183494E+02  0.112581E+01   0.000  1  CBMAMI_2014_Schumann
  360.000000 -0.181994E+02  0.128400E+01   0.000  1  CBMAMI_2014_Schumann
  370.000000 -0.165793E+02  0.102540E+01   0.000  1  CBMAMI_2014_Schumann
  380.000000 -0.157930E+02  0.102751E+01   0.000  1  CBMAMI_2014_Schumann
  390.000000 -0.117495E+02  0.957548E+00   0.000  1  CBMAMI_2014_Schumann
  400.000000 -0.111875E+02  0.920975E+00   0.000  1  CBMAMI_2014_Schumann
  410.000000 -0.988185E+01  0.110141E+01   0.000  1  CBMAMI_2014_Schumann
  420.000000 -0.950601E+01  0.144339E+01   0.000  1  CBMAMI_2014_Schumann
    0.819152   44
  147.000000  0.272942E-01  0.451260E-01   0.000  1  CBMAMI_2014_Schumann
  150.000000  0.163836E-01  0.994500E-01   0.000  1  CBMAMI_2014_Schumann
  155.000000  0.110536E-01  0.135135E+00   0.000  1  CBMAMI_2014_Schumann
  160.000000 -0.115139E-01  0.205890E+00   0.000  1  CBMAMI_2014_Schumann
  165.000000 -0.193735E+00  0.279857E+00   0.000  1  CBMAMI_2014_Schumann
  170.000000 -0.844585E-01  0.292150E+00   0.000  1  CBMAMI_2014_Schumann
  175.000000 -0.359958E+00  0.384643E+00   0.000  1  CBMAMI_2014_Schumann
  180.000000 -0.828263E+00  0.410799E+00   0.000  1  CBMAMI_2014_Schumann
  185.000000  0.255633E+00  0.512538E+00   0.000  1  CBMAMI_2014_Schumann
  190.000000 -0.875784E-01  0.526456E+00   0.000  1  CBMAMI_2014_Schumann
  195.000000 -0.730576E+00  0.577228E+00   0.000  1  CBMAMI_2014_Schumann
  200.000000 -0.612598E+00  0.688047E+00   0.000  1  CBMAMI_2014_Schumann
  205.000000 -0.226423E+01  0.729683E+00   0.000  1  CBMAMI_2014_Schumann
  210.000000 -0.149957E+01  0.799254E+00   0.000  1  CBMAMI_2014_Schumann
  215.000000 -0.180092E+01  0.870847E+00   0.000  1  CBMAMI_2014_Schumann
  220.000000 -0.110350E+01  0.864034E+00   0.000  1  CBMAMI_2014_Schumann
  225.000000 -0.384738E+01  0.102155E+01   0.000  1  CBMAMI_2014_Schumann
  230.000000 -0.366130E+01  0.946596E+00   0.000  1  CBMAMI_2014_Schumann
  235.000000 -0.501494E+01  0.973127E+00   0.000  1  CBMAMI_2014_Schumann
  240.000000 -0.229831E+01  0.107171E+01   0.000  1  CBMAMI_2014_Schumann
  245.000000 -0.482886E+01  0.106862E+01   0.000  1  CBMAMI_2014_Schumann
  250.000000 -0.564866E+01  0.107626E+01   0.000  1  CBMAMI_2014_Schumann
  255.000000 -0.529259E+01  0.112807E+01   0.000  1  CBMAMI_2014_Schumann
  260.000000 -0.880715E+01  0.138355E+01   0.000  1  CBMAMI_2014_Schumann
  265.000000 -0.632342E+01  0.119357E+01   0.000  1  CBMAMI_2014_Schumann
  270.000000 -0.829565E+01  0.116315E+01   0.000  1  CBMAMI_2014_Schumann
  275.000000 -0.937080E+01  0.116627E+01   0.000  1  CBMAMI_2014_Schumann
  280.000000 -0.104761E+02  0.119767E+01   0.000  1  CBMAMI_2014_Schumann
  285.000000 -0.120042E+02  0.118941E+01   0.000  1  CBMAMI_2014_Schumann
  290.000000 -0.103770E+02  0.126562E+01   0.000  1  CBMAMI_2014_Schumann
  295.000000 -0.132514E+02  0.124617E+01   0.000  1  CBMAMI_2014_Schumann
  300.000000 -0.136263E+02  0.127026E+01   0.000  1  CBMAMI_2014_Schumann
  310.000000 -0.159787E+02  0.123096E+01   0.000  1  CBMAMI_2014_Schumann
  320.000000 -0.172642E+02  0.151452E+01   0.000  1  CBMAMI_2014_Schumann
  330.000000 -0.175921E+02  0.141761E+01   0.000  1  CBMAMI_2014_Schumann
  340.000000 -0.149520E+02  0.142727E+01   0.000  1  CBMAMI_2014_Schumann
  350.000000 -0.176536E+02  0.141461E+01   0.000  1  CBMAMI_2014_Schumann
  360.000000 -0.132918E+02  0.159355E+01   0.000  1  CBMAMI_2014_Schumann
  370.000000 -0.112963E+02  0.125816E+01   0.000  1  CBMAMI_2014_Schumann
  380.000000 -0.110126E+02  0.127760E+01   0.000  1  CBMAMI_2014_Schumann
  390.000000 -0.963535E+01  0.120087E+01   0.000  1  CBMAMI_2014_Schumann
  400.000000 -0.982061E+01  0.117039E+01   0.000  1  CBMAMI_2014_Schumann
  410.000000 -0.892533E+01  0.137094E+01   0.000  1  CBMAMI_2014_Schumann
  420.000000 -0.544172E+01  0.178140E+01   0.000  1  CBMAMI_2014_Schumann
    0.906308   44
  147.000000  0.613124E-01  0.403520E-01   0.000  1  CBMAMI_2014_Schumann
  150.000000 -0.520983E-01  0.103740E+00   0.000  1  CBMAMI_2014_Schumann
  155.000000  0.865790E-01  0.144845E+00   0.000  1  CBMAMI_2014_Schumann
  160.000000 -0.301774E+00  0.199851E+00   0.000  1  CBMAMI_2014_Schumann
  165.000000 -0.899328E-01  0.279765E+00   0.000  1  CBMAMI_2014_Schumann
  170.000000 -0.612261E-01  0.284377E+00   0.000  1  CBMAMI_2014_Schumann
  175.000000 -0.487571E+00  0.366918E+00   0.000  1  CBMAMI_2014_Schumann
  180.000000 -0.503941E+00  0.408853E+00   0.000  1  CBMAMI_2014_Schumann
  185.000000 -0.483116E+00  0.504743E+00   0.000  1  CBMAMI_2014_Schumann
  190.000000 -0.450902E+00  0.508526E+00   0.000  1  CBMAMI_2014_Schumann
  195.000000 -0.275181E+01  0.588485E+00   0.000  1  CBMAMI_2014_Schumann
  200.000000 -0.140324E+01  0.681164E+00   0.000  1  CBMAMI_2014_Schumann
  205.000000  0.750870E-01  0.743351E+00   0.000  1  CBMAMI_2014_Schumann
  210.000000 -0.137313E+01  0.826204E+00   0.000  1  CBMAMI_2014_Schumann
  215.000000 -0.248577E+01  0.895515E+00   0.000  1  CBMAMI_2014_Schumann
  220.000000 -0.230887E+01  0.906935E+00   0.000  1  CBMAMI_2014_Schumann
  225.000000 -0.239673E+01  0.105320E+01   0.000  1  CBMAMI_2014_Schumann
  230.000000 -0.452359E+00  0.100917E+01   0.000  1  CBMAMI_2014_Schumann
  235.000000 -0.190273E+01  0.105841E+01   0.000  1  CBMAMI_2014_Schumann
  240.000000 -0.357662E+01  0.116999E+01   0.000  1  CBMAMI_2014_Schumann
  245.000000 -0.338851E+01  0.118004E+01   0.000  1  CBMAMI_2014_Schumann
  250.000000 -0.190306E+01  0.117481E+01   0.000  1  CBMAMI_2014_Schumann
  255.000000 -0.170989E+01  0.124507E+01   0.000  1  CBMAMI_2014_Schumann
  260.000000 -0.670957E+01  0.156957E+01   0.000  1  CBMAMI_2014_Schumann
  265.000000 -0.800278E+01  0.135400E+01   0.000  1  CBMAMI_2014_Schumann
  270.000000 -0.705365E+01  0.134843E+01   0.000  1  CBMAMI_2014_Schumann
  275.000000 -0.472133E+01  0.135816E+01   0.000  1  CBMAMI_2014_Schumann
  280.000000 -0.746196E+01  0.139632E+01   0.000  1  CBMAMI_2014_Schumann
  285.000000 -0.107523E+02  0.141785E+01   0.000  1  CBMAMI_2014_Schumann
  290.000000 -0.956092E+01  0.148258E+01   0.000  1  CBMAMI_2014_Schumann
  295.000000 -0.108570E+02  0.148206E+01   0.000  1  CBMAMI_2014_Schumann
  300.000000 -0.867414E+01  0.153463E+01   0.000  1  CBMAMI_2014_Schumann
  310.000000 -0.936509E+01  0.146541E+01   0.000  1  CBMAMI_2014_Schumann
  320.000000 -0.824249E+01  0.184237E+01   0.000  1  CBMAMI_2014_Schumann
  330.000000 -0.133459E+02  0.174357E+01   0.000  1  CBMAMI_2014_Schumann
  340.000000 -0.115589E+02  0.175663E+01   0.000  1  CBMAMI_2014_Schumann
  350.000000 -0.524770E+01  0.172754E+01   0.000  1  CBMAMI_2014_Schumann
  360.000000 -0.647370E+01  0.195228E+01   0.000  1  CBMAMI_2014_Schumann
  370.000000 -0.859130E+01  0.153302E+01   0.000  1  CBMAMI_2014_Schumann
  380.000000 -0.706550E+01  0.154516E+01   0.000  1  CBMAMI_2014_Schumann
  390.000000 -0.802096E+01  0.148328E+01   0.000  1  CBMAMI_2014_Schumann
  400.000000 -0.503882E+01  0.142151E+01   0.000  1  CBMAMI_2014_Schumann
  410.000000 -0.418299E+01  0.168098E+01   0.000  1  CBMAMI_2014_Schumann
  420.000000 -0.238445E+01  0.223955E+01   0.000  1  CBMAMI_2014_Schumann
    0.965926   44
  147.000000  0.735983E-01  0.734210E-01   0.000  1  CBMAMI_2014_Schumann
  150.000000  0.122046E+00  0.120458E+00   0.000  1  CBMAMI_2014_Schumann
  155.000000 -0.318037E-01  0.145644E+00   0.000  1  CBMAMI_2014_Schumann
  160.000000 -0.106718E+00  0.211085E+00   0.000  1  CBMAMI_2014_Schumann
  165.000000 -0.136747E+00  0.287548E+00   0.000  1  CBMAMI_2014_Schumann
  170.000000 -0.106842E+00  0.276883E+00   0.000  1  CBMAMI_2014_Schumann
  175.000000 -0.400073E+00  0.371971E+00   0.000  1  CBMAMI_2014_Schumann
  180.000000 -0.327923E+00  0.394650E+00   0.000  1  CBMAMI_2014_Schumann
  185.000000 -0.154563E+00  0.496584E+00   0.000  1  CBMAMI_2014_Schumann
  190.000000  0.223113E+00  0.496762E+00   0.000  1  CBMAMI_2014_Schumann
  195.000000 -0.129055E+00  0.547328E+00   0.000  1  CBMAMI_2014_Schumann
  200.000000 -0.917480E+00  0.654544E+00   0.000  1  CBMAMI_2014_Schumann
  205.000000  0.409504E-01  0.701895E+00   0.000  1  CBMAMI_2014_Schumann
  210.000000  0.925324E+00  0.785779E+00   0.000  1  CBMAMI_2014_Schumann
  215.000000 -0.296322E+00  0.877388E+00   0.000  1  CBMAMI_2014_Schumann
  220.000000 -0.608980E+00  0.877188E+00   0.000  1  CBMAMI_2014_Schumann
  225.000000 -0.202424E+01  0.110315E+01   0.000  1  CBMAMI_2014_Schumann
  230.000000  0.901017E-01  0.102504E+01   0.000  1  CBMAMI_2014_Schumann
  235.000000 -0.195132E+01  0.108447E+01   0.000  1  CBMAMI_2014_Schumann
  240.000000 -0.284288E+01  0.123623E+01   0.000  1  CBMAMI_2014_Schumann
  245.000000  0.135800E+01  0.126481E+01   0.000  1  CBMAMI_2014_Schumann
  250.000000 -0.253790E+01  0.129342E+01   0.000  1  CBMAMI_2014_Schumann
  255.000000 -0.430159E+01  0.137671E+01   0.000  1  CBMAMI_2014_Schumann
  260.000000 -0.592240E+01  0.172048E+01   0.000  1  CBMAMI_2014_Schumann
  265.000000 -0.253267E+01  0.155419E+01   0.000  1  CBMAMI_2014_Schumann
  270.000000 -0.427500E+01  0.152025E+01   0.000  1  CBMAMI_2014_Schumann
  275.000000 -0.543692E+01  0.154750E+01   0.000  1  CBMAMI_2014_Schumann
  280.000000 -0.462674E+01  0.161086E+01   0.000  1  CBMAMI_2014_Schumann
  285.000000 -0.448183E+01  0.158957E+01   0.000  1  CBMAMI_2014_Schumann
  290.000000 -0.720010E+01  0.174071E+01   0.000  1  CBMAMI_2014_Schumann
  295.000000 -0.397463E+01  0.168368E+01   0.000  1  CBMAMI_2014_Schumann
  300.000000 -0.974199E+01  0.180788E+01   0.000  1  CBMAMI_2014_Schumann
  310.000000 -0.353271E+01  0.167274E+01   0.000  1  CBMAMI_2014_Schumann
  320.000000 -0.274435E+01  0.210047E+01   0.000  1  CBMAMI_2014_Schumann
  330.000000 -0.559158E+01  0.192512E+01   0.000  1  CBMAMI_2014_Schumann
  340.000000 -0.333781E+01  0.186307E+01   0.000  1  CBMAMI_2014_Schumann
  350.000000 -0.496900E+01  0.183830E+01   0.000  1  CBMAMI_2014_Schumann
  360.000000 -0.200553E+01  0.208618E+01   0.000  1  CBMAMI_2014_Schumann
  370.000000  0.224432E+01  0.154264E+01   0.000  1  CBMAMI_2014_Schumann
  380.000000 -0.475140E+01  0.160260E+01   0.000  1  CBMAMI_2014_Schumann
  390.000000 -0.294782E+01  0.141251E+01   0.000  1  CBMAMI_2014_Schumann
  400.000000 -0.937565E+00  0.132630E+01   0.000  1  CBMAMI_2014_Schumann
  410.000000 -0.157711E+01  0.163145E+01   0.000  1  CBMAMI_2014_Schumann
  420.000000 -0.252413E+01  0.199196E+01   0.000  1  CBMAMI_2014_Schumann
    0.996195   44
  147.000000 -0.549538E+06  0.108097E+01   0.000  1  CBMAMI_2014_Schumann
  150.000000 -0.531555E+06  0.515904E+00   0.000  1  CBMAMI_2014_Schumann
  155.000000 -0.502462E+06  0.283412E+00   0.000  1  CBMAMI_2014_Schumann
  160.000000 -0.474451E+06  0.389017E+00   0.000  1  CBMAMI_2014_Schumann
  165.000000 -0.447500E+06  0.476617E+00   0.000  1  CBMAMI_2014_Schumann
  170.000000 -0.421590E+06  0.476302E+00   0.000  1  CBMAMI_2014_Schumann
  175.000000 -0.396700E+06  0.559176E+00   0.000  1  CBMAMI_2014_Schumann
  180.000000 -0.372810E+06  0.712050E+00   0.000  1  CBMAMI_2014_Schumann
  185.000000 -0.349898E+06  0.831636E+00   0.000  1  CBMAMI_2014_Schumann
  190.000000 -0.327945E+06  0.771033E+00   0.000  1  CBMAMI_2014_Schumann
  195.000000 -0.306929E+06  0.869646E+00   0.000  1  CBMAMI_2014_Schumann
  200.000000 -0.286832E+06  0.121428E+01   0.000  1  CBMAMI_2014_Schumann
  205.000000 -0.267631E+06  0.108676E+01   0.000  1  CBMAMI_2014_Schumann
  210.000000 -0.249307E+06  0.120612E+01   0.000  1  CBMAMI_2014_Schumann
  215.000000 -0.231839E+06  0.135361E+01   0.000  1  CBMAMI_2014_Schumann
  220.000000 -0.215206E+06  0.141420E+01   0.000  1  CBMAMI_2014_Schumann
  225.000000 -0.199389E+06  0.156494E+01   0.000  1  CBMAMI_2014_Schumann
  230.000000 -0.184366E+06  0.150031E+01   0.000  1  CBMAMI_2014_Schumann
  235.000000 -0.170118E+06  0.176611E+01   0.000  1  CBMAMI_2014_Schumann
  240.000000 -0.156623E+06  0.189032E+01   0.000  1  CBMAMI_2014_Schumann
  245.000000 -0.143862E+06  0.207216E+01   0.000  1  CBMAMI_2014_Schumann
  250.000000 -0.131813E+06  0.203924E+01   0.000  1  CBMAMI_2014_Schumann
  255.000000 -0.120456E+06  0.220332E+01   0.000  1  CBMAMI_2014_Schumann
  260.000000 -0.109771E+06  0.314769E+01   0.000  1  CBMAMI_2014_Schumann
  265.000000 -0.997376E+05  0.248138E+01   0.000  1  CBMAMI_2014_Schumann
  270.000000 -0.903349E+05  0.274385E+01   0.000  1  CBMAMI_2014_Schumann
  275.000000 -0.815425E+05  0.273455E+01   0.000  1  CBMAMI_2014_Schumann
  280.000000 -0.733399E+05  0.305552E+01   0.000  1  CBMAMI_2014_Schumann
  285.000000 -0.657067E+05  0.335793E+01   0.000  1  CBMAMI_2014_Schumann
  290.000000 -0.586224E+05  0.345299E+01   0.000  1  CBMAMI_2014_Schumann
  295.000000 -0.520665E+05  0.326601E+01   0.000  1  CBMAMI_2014_Schumann
  300.000000 -0.460186E+05  0.382544E+01   0.000  1  CBMAMI_2014_Schumann
  310.000000 -0.353645E+05  0.375670E+01   0.000  1  CBMAMI_2014_Schumann
  320.000000 -0.264964E+05  0.377611E+01   0.000  1  CBMAMI_2014_Schumann
  330.000000 -0.192505E+05  0.384615E+01   0.000  1  CBMAMI_2014_Schumann
  340.000000 -0.134629E+05  0.356803E+01   0.000  1  CBMAMI_2014_Schumann
  350.000000 -0.896970E+04  0.357028E+01   0.000  1  CBMAMI_2014_Schumann
  360.000000 -0.560714E+04  0.267429E+01   0.000  1  CBMAMI_2014_Schumann
  370.000000 -0.321138E+04  0.211058E+01   0.000  1  CBMAMI_2014_Schumann
  380.000000 -0.161856E+04  0.249358E+01   0.000  1  CBMAMI_2014_Schumann
  390.000000 -0.664850E+03  0.130818E+01   0.000  1  CBMAMI_2014_Schumann
  400.000000 -0.186419E+03  0.163481E+01   0.000  1  CBMAMI_2014_Schumann
  410.000000 -0.194252E+02  0.199183E+01   0.000  1  CBMAMI_2014_Schumann
  420.000000  0.843968E-03  0.332259E+01   0.000  1  CBMAMI_2014_Schumann
