   16
   24
 640.000 -0.944000  0.693354E-01  0.350500E+00   0.000  1  CBELSA_2012_THIEL_PR
 660.000 -0.944000  0.112914E+00  0.340900E+00   0.000  1  CBELSA_2012_THIEL_PR
 670.000 -0.944000  0.387357E-01  0.340900E+00   0.000  1  CBELSA_2012_THIEL_PR
 700.000 -0.944000 -0.312994E+00  0.271800E+00   0.000  1  CBELSA_2012_THIEL_PR
 730.000 -0.944000 -0.875037E-01  0.158000E+00   0.000  1  CBELSA_2012_THIEL_PR
 740.000 -0.944000 -0.102323E+00  0.158000E+00   0.000  1  CBELSA_2012_THIEL_PR
 760.000 -0.944000 -0.295972E+00  0.154000E+00   0.000  1  CBELSA_2012_THIEL_PR
 770.000 -0.944000 -0.335626E+00  0.154000E+00   0.000  1  CBELSA_2012_THIEL_PR
 800.000 -0.944000 -0.158000E+00  0.114600E+00   0.000  1  CBELSA_2012_THIEL_PR
 830.000 -0.944000 -0.293184E+00  0.113900E+00   0.000  1  CBELSA_2012_THIEL_PR
 840.000 -0.944000 -0.311525E+00  0.113900E+00   0.000  1  CBELSA_2012_THIEL_PR
 860.000 -0.944000 -0.291833E+00  0.111900E+00   0.000  1  CBELSA_2012_THIEL_PR
 870.000 -0.944000 -0.328540E+00  0.111900E+00   0.000  1  CBELSA_2012_THIEL_PR
 900.000 -0.944000 -0.441999E+00  0.971000E-01   0.000  1  CBELSA_2012_THIEL_PR
 930.000 -0.944000 -0.147778E-01  0.155600E+00   0.000  1  CBELSA_2012_THIEL_PR
 940.000 -0.944000 -0.129319E+00  0.155600E+00   0.000  1  CBELSA_2012_THIEL_PR
 960.000 -0.944000 -0.665547E+00  0.136400E+00   0.000  1  CBELSA_2012_THIEL_PR
 970.000 -0.944000 -0.789820E+00  0.136400E+00   0.000  1  CBELSA_2012_THIEL_PR
1000.000 -0.944000 -0.424001E+00  0.118100E+00   0.000  1  CBELSA_2012_THIEL_PR
1030.000 -0.944000 -0.607136E+00  0.109800E+00   0.000  1  CBELSA_2012_THIEL_PR
1040.000 -0.944000 -0.649953E+00  0.109800E+00   0.000  1  CBELSA_2012_THIEL_PR
1060.000 -0.944000 -0.580195E+00  0.109100E+00   0.000  1  CBELSA_2012_THIEL_PR
1070.000 -0.944000 -0.527846E+00  0.109100E+00   0.000  1  CBELSA_2012_THIEL_PR
1100.000 -0.944000 -0.449001E+00  0.157000E+00   0.000  1  CBELSA_2012_THIEL_PR
   28
 640.000 -0.917000 -0.722037E-01  0.350500E+00   0.000  1  CBELSA_2012_THIEL_PR
 660.000 -0.917000  0.375127E-01  0.340900E+00   0.000  1  CBELSA_2012_THIEL_PR
 670.000 -0.917000  0.798364E-02  0.340900E+00   0.000  1  CBELSA_2012_THIEL_PR
 700.000 -0.917000 -0.255563E+00  0.271800E+00   0.000  1  CBELSA_2012_THIEL_PR
 730.000 -0.917000 -0.172287E+00  0.158000E+00   0.000  1  CBELSA_2012_THIEL_PR
 740.000 -0.917000 -0.191430E+00  0.158000E+00   0.000  1  CBELSA_2012_THIEL_PR
 760.000 -0.917000 -0.316248E+00  0.154000E+00   0.000  1  CBELSA_2012_THIEL_PR
 770.000 -0.917000 -0.336309E+00  0.154000E+00   0.000  1  CBELSA_2012_THIEL_PR
 800.000 -0.917000 -0.207733E+00  0.114600E+00   0.000  1  CBELSA_2012_THIEL_PR
 830.000 -0.917000 -0.321186E+00  0.113900E+00   0.000  1  CBELSA_2012_THIEL_PR
 840.000 -0.917000 -0.355411E+00  0.113900E+00   0.000  1  CBELSA_2012_THIEL_PR
 860.000 -0.917000 -0.394899E+00  0.111900E+00   0.000  1  CBELSA_2012_THIEL_PR
 870.000 -0.917000 -0.438118E+00  0.111900E+00   0.000  1  CBELSA_2012_THIEL_PR
 900.000 -0.917000 -0.486434E+00  0.971000E-01   0.000  1  CBELSA_2012_THIEL_PR
 930.000 -0.917000 -0.992182E-01  0.155600E+00   0.000  1  CBELSA_2012_THIEL_PR
 940.000 -0.917000 -0.199653E+00  0.155600E+00   0.000  1  CBELSA_2012_THIEL_PR
 960.000 -0.917000 -0.673929E+00  0.136400E+00   0.000  1  CBELSA_2012_THIEL_PR
 970.000 -0.917000 -0.794261E+00  0.136400E+00   0.000  1  CBELSA_2012_THIEL_PR
1000.000 -0.917000 -0.516745E+00  0.118100E+00   0.000  1  CBELSA_2012_THIEL_PR
1030.000 -0.917000 -0.643033E+00  0.109800E+00   0.000  1  CBELSA_2012_THIEL_PR
1040.000 -0.917000 -0.679431E+00  0.109800E+00   0.000  1  CBELSA_2012_THIEL_PR
1060.000 -0.917000 -0.643369E+00  0.109100E+00   0.000  1  CBELSA_2012_THIEL_PR
1070.000 -0.917000 -0.611897E+00  0.109100E+00   0.000  1  CBELSA_2012_THIEL_PR
1100.000 -0.917000 -0.531657E+00  0.157000E+00   0.000  1  CBELSA_2012_THIEL_PR
1150.000 -0.917000 -0.271001E+00  0.183900E+00   0.000  1  CBELSA_2012_THIEL_PR
1200.000 -0.917000 -0.327000E+00  0.162300E+00   0.000  1  CBELSA_2012_THIEL_PR
1250.000 -0.917000 -0.310000E+00  0.137700E+00   0.000  1  CBELSA_2012_THIEL_PR
1300.000 -0.917000  0.229990E-01  0.127100E+00   0.000  1  CBELSA_2012_THIEL_PR
   28
 640.000 -0.833000 -0.407304E+00  0.215600E+00   0.000  1  CBELSA_2012_THIEL_PR
 660.000 -0.833000 -0.191361E+00  0.167800E+00   0.000  1  CBELSA_2012_THIEL_PR
 670.000 -0.833000 -0.139972E+00  0.167800E+00   0.000  1  CBELSA_2012_THIEL_PR
 700.000 -0.833000 -0.227001E+00  0.147700E+00   0.000  1  CBELSA_2012_THIEL_PR
 730.000 -0.833000 -0.395031E+00  0.103100E+00   0.000  1  CBELSA_2012_THIEL_PR
 740.000 -0.833000 -0.406613E+00  0.103100E+00   0.000  1  CBELSA_2012_THIEL_PR
 760.000 -0.833000 -0.372098E+00  0.966000E-01   0.000  1  CBELSA_2012_THIEL_PR
 770.000 -0.833000 -0.358766E+00  0.966000E-01   0.000  1  CBELSA_2012_THIEL_PR
 800.000 -0.833000 -0.387000E+00  0.805000E-01   0.000  1  CBELSA_2012_THIEL_PR
 830.000 -0.833000 -0.435495E+00  0.757000E-01   0.000  1  CBELSA_2012_THIEL_PR
 840.000 -0.833000 -0.481649E+00  0.757000E-01   0.000  1  CBELSA_2012_THIEL_PR
 860.000 -0.833000 -0.605601E+00  0.793000E-01   0.000  1  CBELSA_2012_THIEL_PR
 870.000 -0.833000 -0.656031E+00  0.793000E-01   0.000  1  CBELSA_2012_THIEL_PR
 900.000 -0.833000 -0.617000E+00  0.649000E-01   0.000  1  CBELSA_2012_THIEL_PR
 930.000 -0.833000 -0.370083E+00  0.966000E-01   0.000  1  CBELSA_2012_THIEL_PR
 940.000 -0.833000 -0.426210E+00  0.966000E-01   0.000  1  CBELSA_2012_THIEL_PR
 960.000 -0.833000 -0.712128E+00  0.875000E-01   0.000  1  CBELSA_2012_THIEL_PR
 970.000 -0.833000 -0.812081E+00  0.875000E-01   0.000  1  CBELSA_2012_THIEL_PR
1000.000 -0.833000 -0.762001E+00  0.782000E-01   0.000  1  CBELSA_2012_THIEL_PR
1030.000 -0.833000 -0.733863E+00  0.734000E-01   0.000  1  CBELSA_2012_THIEL_PR
1040.000 -0.833000 -0.741578E+00  0.734000E-01   0.000  1  CBELSA_2012_THIEL_PR
1060.000 -0.833000 -0.753985E+00  0.849000E-01   0.000  1  CBELSA_2012_THIEL_PR
1070.000 -0.833000 -0.752903E+00  0.849000E-01   0.000  1  CBELSA_2012_THIEL_PR
1100.000 -0.833000 -0.708999E+00  0.120600E+00   0.000  1  CBELSA_2012_THIEL_PR
1150.000 -0.833000 -0.540691E+00  0.183900E+00   0.000  1  CBELSA_2012_THIEL_PR
1200.000 -0.833000 -0.329171E+00  0.162300E+00   0.000  1  CBELSA_2012_THIEL_PR
1250.000 -0.833000 -0.239199E+00  0.137700E+00   0.000  1  CBELSA_2012_THIEL_PR
1300.000 -0.833000 -0.132469E+00  0.127100E+00   0.000  1  CBELSA_2012_THIEL_PR
   28
 640.000 -0.750000 -0.449466E+00  0.215600E+00   0.000  1  CBELSA_2012_THIEL_PR
 660.000 -0.750000 -0.367236E+00  0.167800E+00   0.000  1  CBELSA_2012_THIEL_PR
 670.000 -0.750000 -0.374310E+00  0.167800E+00   0.000  1  CBELSA_2012_THIEL_PR
 700.000 -0.750000 -0.519146E+00  0.147700E+00   0.000  1  CBELSA_2012_THIEL_PR
 730.000 -0.750000 -0.491714E+00  0.103100E+00   0.000  1  CBELSA_2012_THIEL_PR
 740.000 -0.750000 -0.461272E+00  0.103100E+00   0.000  1  CBELSA_2012_THIEL_PR
 760.000 -0.750000 -0.433563E+00  0.966000E-01   0.000  1  CBELSA_2012_THIEL_PR
 770.000 -0.750000 -0.456407E+00  0.966000E-01   0.000  1  CBELSA_2012_THIEL_PR
 800.000 -0.750000 -0.607821E+00  0.805000E-01   0.000  1  CBELSA_2012_THIEL_PR
 830.000 -0.750000 -0.595372E+00  0.757000E-01   0.000  1  CBELSA_2012_THIEL_PR
 840.000 -0.750000 -0.574832E+00  0.757000E-01   0.000  1  CBELSA_2012_THIEL_PR
 860.000 -0.750000 -0.567475E+00  0.793000E-01   0.000  1  CBELSA_2012_THIEL_PR
 870.000 -0.750000 -0.596959E+00  0.793000E-01   0.000  1  CBELSA_2012_THIEL_PR
 900.000 -0.750000 -0.715592E+00  0.649000E-01   0.000  1  CBELSA_2012_THIEL_PR
 930.000 -0.750000 -0.618922E+00  0.966000E-01   0.000  1  CBELSA_2012_THIEL_PR
 940.000 -0.750000 -0.634126E+00  0.966000E-01   0.000  1  CBELSA_2012_THIEL_PR
 960.000 -0.750000 -0.759820E+00  0.875000E-01   0.000  1  CBELSA_2012_THIEL_PR
 970.000 -0.750000 -0.819968E+00  0.875000E-01   0.000  1  CBELSA_2012_THIEL_PR
1000.000 -0.750000 -0.856580E+00  0.782000E-01   0.000  1  CBELSA_2012_THIEL_PR
1030.000 -0.750000 -0.750545E+00  0.734000E-01   0.000  1  CBELSA_2012_THIEL_PR
1040.000 -0.750000 -0.706582E+00  0.734000E-01   0.000  1  CBELSA_2012_THIEL_PR
1060.000 -0.750000 -0.640728E+00  0.849000E-01   0.000  1  CBELSA_2012_THIEL_PR
1070.000 -0.750000 -0.631383E+00  0.849000E-01   0.000  1  CBELSA_2012_THIEL_PR
1100.000 -0.750000 -0.678515E+00  0.120600E+00   0.000  1  CBELSA_2012_THIEL_PR
1150.000 -0.750000 -0.610998E+00  0.144700E+00   0.000  1  CBELSA_2012_THIEL_PR
1200.000 -0.750000 -0.295999E+00  0.138900E+00   0.000  1  CBELSA_2012_THIEL_PR
1250.000 -0.750000 -0.170000E+00  0.127000E+00   0.000  1  CBELSA_2012_THIEL_PR
1300.000 -0.750000 -0.101997E+00  0.130600E+00   0.000  1  CBELSA_2012_THIEL_PR
   28
 640.000 -0.583000 -0.327296E+00  0.133500E+00   0.000  1  CBELSA_2012_THIEL_PR
 660.000 -0.583000 -0.321320E+00  0.102500E+00   0.000  1  CBELSA_2012_THIEL_PR
 670.000 -0.583000 -0.342621E+00  0.102500E+00   0.000  1  CBELSA_2012_THIEL_PR
 700.000 -0.583000 -0.443523E+00  0.100500E+00   0.000  1  CBELSA_2012_THIEL_PR
 730.000 -0.583000 -0.448104E+00  0.756000E-01   0.000  1  CBELSA_2012_THIEL_PR
 740.000 -0.583000 -0.508672E+00  0.756000E-01   0.000  1  CBELSA_2012_THIEL_PR
 760.000 -0.583000 -0.701568E+00  0.774000E-01   0.000  1  CBELSA_2012_THIEL_PR
 770.000 -0.583000 -0.769045E+00  0.774000E-01   0.000  1  CBELSA_2012_THIEL_PR
 800.000 -0.583000 -0.753338E+00  0.772000E-01   0.000  1  CBELSA_2012_THIEL_PR
 830.000 -0.583000 -0.706089E+00  0.695000E-01   0.000  1  CBELSA_2012_THIEL_PR
 840.000 -0.583000 -0.733404E+00  0.695000E-01   0.000  1  CBELSA_2012_THIEL_PR
 860.000 -0.583000 -0.814309E+00  0.757000E-01   0.000  1  CBELSA_2012_THIEL_PR
 870.000 -0.583000 -0.823606E+00  0.757000E-01   0.000  1  CBELSA_2012_THIEL_PR
 900.000 -0.583000 -0.718655E+00  0.615000E-01   0.000  1  CBELSA_2012_THIEL_PR
 930.000 -0.583000 -0.699985E+00  0.852000E-01   0.000  1  CBELSA_2012_THIEL_PR
 940.000 -0.583000 -0.690911E+00  0.852000E-01   0.000  1  CBELSA_2012_THIEL_PR
 960.000 -0.583000 -0.650239E+00  0.802000E-01   0.000  1  CBELSA_2012_THIEL_PR
 970.000 -0.583000 -0.630264E+00  0.802000E-01   0.000  1  CBELSA_2012_THIEL_PR
1000.000 -0.583000 -0.595323E+00  0.658000E-01   0.000  1  CBELSA_2012_THIEL_PR
1030.000 -0.583000 -0.566992E+00  0.695000E-01   0.000  1  CBELSA_2012_THIEL_PR
1040.000 -0.583000 -0.557324E+00  0.695000E-01   0.000  1  CBELSA_2012_THIEL_PR
1060.000 -0.583000 -0.545185E+00  0.733000E-01   0.000  1  CBELSA_2012_THIEL_PR
1070.000 -0.583000 -0.547507E+00  0.733000E-01   0.000  1  CBELSA_2012_THIEL_PR
1100.000 -0.583000 -0.509321E+00  0.938000E-01   0.000  1  CBELSA_2012_THIEL_PR
1150.000 -0.583000 -0.580023E-01  0.121100E+00   0.000  1  CBELSA_2012_THIEL_PR
1200.000 -0.583000 -0.839996E-01  0.134100E+00   0.000  1  CBELSA_2012_THIEL_PR
1250.000 -0.583000  0.101002E+00  0.140600E+00   0.000  1  CBELSA_2012_THIEL_PR
1300.000 -0.583000  0.619999E+00  0.134500E+00   0.000  1  CBELSA_2012_THIEL_PR
   28
 640.000 -0.416900 -0.371639E+00  0.131000E+00   0.000  1  CBELSA_2012_THIEL_PR
 660.000 -0.416900 -0.430847E+00  0.976000E-01   0.000  1  CBELSA_2012_THIEL_PR
 670.000 -0.416900 -0.487322E+00  0.976000E-01   0.000  1  CBELSA_2012_THIEL_PR
 700.000 -0.416900 -0.656098E+00  0.939000E-01   0.000  1  CBELSA_2012_THIEL_PR
 730.000 -0.416900 -0.545849E+00  0.678000E-01   0.000  1  CBELSA_2012_THIEL_PR
 740.000 -0.416900 -0.533418E+00  0.678000E-01   0.000  1  CBELSA_2012_THIEL_PR
 760.000 -0.416900 -0.609349E+00  0.721000E-01   0.000  1  CBELSA_2012_THIEL_PR
 770.000 -0.416900 -0.678889E+00  0.721000E-01   0.000  1  CBELSA_2012_THIEL_PR
 800.000 -0.416900 -0.852402E+00  0.714000E-01   0.000  1  CBELSA_2012_THIEL_PR
 830.000 -0.416900 -0.787741E+00  0.757000E-01   0.000  1  CBELSA_2012_THIEL_PR
 840.000 -0.416900 -0.775710E+00  0.757000E-01   0.000  1  CBELSA_2012_THIEL_PR
 860.000 -0.416900 -0.783212E+00  0.715000E-01   0.000  1  CBELSA_2012_THIEL_PR
 870.000 -0.416900 -0.770428E+00  0.715000E-01   0.000  1  CBELSA_2012_THIEL_PR
 900.000 -0.416900 -0.727040E+00  0.630000E-01   0.000  1  CBELSA_2012_THIEL_PR
 930.000 -0.416900 -0.936364E+00  0.882000E-01   0.000  1  CBELSA_2012_THIEL_PR
 940.000 -0.416900 -0.952475E+00  0.882000E-01   0.000  1  CBELSA_2012_THIEL_PR
 960.000 -0.416900 -0.851828E+00  0.816000E-01   0.000  1  CBELSA_2012_THIEL_PR
 970.000 -0.416900 -0.775293E+00  0.816000E-01   0.000  1  CBELSA_2012_THIEL_PR
1000.000 -0.416900 -0.598046E+00  0.712000E-01   0.000  1  CBELSA_2012_THIEL_PR
1030.000 -0.416900 -0.511383E+00  0.711000E-01   0.000  1  CBELSA_2012_THIEL_PR
1040.000 -0.416900 -0.439859E+00  0.711000E-01   0.000  1  CBELSA_2012_THIEL_PR
1060.000 -0.416900 -0.261786E+00  0.710000E-01   0.000  1  CBELSA_2012_THIEL_PR
1070.000 -0.416900 -0.212199E+00  0.710000E-01   0.000  1  CBELSA_2012_THIEL_PR
1100.000 -0.416900 -0.210671E+00  0.917000E-01   0.000  1  CBELSA_2012_THIEL_PR
1150.000 -0.416900  0.115000E+00  0.143600E+00   0.000  1  CBELSA_2012_THIEL_PR
1200.000 -0.416900  0.127002E+00  0.156000E+00   0.000  1  CBELSA_2012_THIEL_PR
1250.000 -0.416900  0.601996E+00  0.147100E+00   0.000  1  CBELSA_2012_THIEL_PR
1300.000 -0.416900  0.843998E+00  0.149000E+00   0.000  1  CBELSA_2012_THIEL_PR
   28
 640.000 -0.250000 -0.455352E+00  0.117600E+00   0.000  1  CBELSA_2012_THIEL_PR
 660.000 -0.250000 -0.501003E+00  0.797000E-01   0.000  1  CBELSA_2012_THIEL_PR
 670.000 -0.250000 -0.491687E+00  0.797000E-01   0.000  1  CBELSA_2012_THIEL_PR
 700.000 -0.250000 -0.408385E+00  0.829000E-01   0.000  1  CBELSA_2012_THIEL_PR
 730.000 -0.250000 -0.527793E+00  0.597000E-01   0.000  1  CBELSA_2012_THIEL_PR
 740.000 -0.250000 -0.584379E+00  0.597000E-01   0.000  1  CBELSA_2012_THIEL_PR
 760.000 -0.250000 -0.664489E+00  0.672000E-01   0.000  1  CBELSA_2012_THIEL_PR
 770.000 -0.250000 -0.676551E+00  0.672000E-01   0.000  1  CBELSA_2012_THIEL_PR
 800.000 -0.250000 -0.684458E+00  0.588000E-01   0.000  1  CBELSA_2012_THIEL_PR
 830.000 -0.250000 -0.851702E+00  0.686000E-01   0.000  1  CBELSA_2012_THIEL_PR
 840.000 -0.250000 -0.867494E+00  0.686000E-01   0.000  1  CBELSA_2012_THIEL_PR
 860.000 -0.250000 -0.822015E+00  0.644000E-01   0.000  1  CBELSA_2012_THIEL_PR
 870.000 -0.250000 -0.801700E+00  0.644000E-01   0.000  1  CBELSA_2012_THIEL_PR
 900.000 -0.250000 -0.830123E+00  0.630000E-01   0.000  1  CBELSA_2012_THIEL_PR
 930.000 -0.250000 -0.861386E+00  0.854000E-01   0.000  1  CBELSA_2012_THIEL_PR
 940.000 -0.250000 -0.854287E+00  0.854000E-01   0.000  1  CBELSA_2012_THIEL_PR
 960.000 -0.250000 -0.809003E+00  0.868000E-01   0.000  1  CBELSA_2012_THIEL_PR
 970.000 -0.250000 -0.773443E+00  0.868000E-01   0.000  1  CBELSA_2012_THIEL_PR
1000.000 -0.250000 -0.659065E+00  0.722000E-01   0.000  1  CBELSA_2012_THIEL_PR
1030.000 -0.250000 -0.591783E+00  0.780000E-01   0.000  1  CBELSA_2012_THIEL_PR
1040.000 -0.250000 -0.554092E+00  0.780000E-01   0.000  1  CBELSA_2012_THIEL_PR
1060.000 -0.250000 -0.446822E+00  0.746000E-01   0.000  1  CBELSA_2012_THIEL_PR
1070.000 -0.250000 -0.388721E+00  0.746000E-01   0.000  1  CBELSA_2012_THIEL_PR
1100.000 -0.250000 -0.235249E+00  0.101000E+00   0.000  1  CBELSA_2012_THIEL_PR
1150.000 -0.250000 -0.199999E-01  0.146000E+00   0.000  1  CBELSA_2012_THIEL_PR
1200.000 -0.250000  0.197997E+00  0.154300E+00   0.000  1  CBELSA_2012_THIEL_PR
1250.000 -0.250000  0.843057E-01  0.133000E+00   0.000  1  CBELSA_2012_THIEL_PR
1300.000 -0.250000  0.253001E+00  0.160300E+00   0.000  1  CBELSA_2012_THIEL_PR
   28
 640.000 -0.083000 -0.320336E+00  0.106900E+00   0.000  1  CBELSA_2012_THIEL_PR
 660.000 -0.083000 -0.392790E+00  0.929000E-01   0.000  1  CBELSA_2012_THIEL_PR
 670.000 -0.083000 -0.433361E+00  0.929000E-01   0.000  1  CBELSA_2012_THIEL_PR
 700.000 -0.083000 -0.516181E+00  0.769000E-01   0.000  1  CBELSA_2012_THIEL_PR
 730.000 -0.083000 -0.463151E+00  0.569000E-01   0.000  1  CBELSA_2012_THIEL_PR
 740.000 -0.083000 -0.480509E+00  0.569000E-01   0.000  1  CBELSA_2012_THIEL_PR
 760.000 -0.083000 -0.569892E+00  0.656000E-01   0.000  1  CBELSA_2012_THIEL_PR
 770.000 -0.083000 -0.601621E+00  0.656000E-01   0.000  1  CBELSA_2012_THIEL_PR
 800.000 -0.083000 -0.632138E+00  0.573000E-01   0.000  1  CBELSA_2012_THIEL_PR
 830.000 -0.083000 -0.778429E+00  0.679000E-01   0.000  1  CBELSA_2012_THIEL_PR
 840.000 -0.083000 -0.805861E+00  0.679000E-01   0.000  1  CBELSA_2012_THIEL_PR
 860.000 -0.083000 -0.802858E+00  0.694000E-01   0.000  1  CBELSA_2012_THIEL_PR
 870.000 -0.083000 -0.791242E+00  0.694000E-01   0.000  1  CBELSA_2012_THIEL_PR
 900.000 -0.083000 -0.826329E+00  0.639000E-01   0.000  1  CBELSA_2012_THIEL_PR
 930.000 -0.083000 -0.959614E+00  0.872000E-01   0.000  1  CBELSA_2012_THIEL_PR
 940.000 -0.083000 -0.913892E+00  0.872000E-01   0.000  1  CBELSA_2012_THIEL_PR
 960.000 -0.083000 -0.726569E+00  0.806000E-01   0.000  1  CBELSA_2012_THIEL_PR
 970.000 -0.083000 -0.677684E+00  0.806000E-01   0.000  1  CBELSA_2012_THIEL_PR
1000.000 -0.083000 -0.791710E+00  0.768000E-01   0.000  1  CBELSA_2012_THIEL_PR
1030.000 -0.083000 -0.791133E+00  0.803000E-01   0.000  1  CBELSA_2012_THIEL_PR
1040.000 -0.083000 -0.756195E+00  0.803000E-01   0.000  1  CBELSA_2012_THIEL_PR
1060.000 -0.083000 -0.654499E+00  0.763000E-01   0.000  1  CBELSA_2012_THIEL_PR
1070.000 -0.083000 -0.587928E+00  0.763000E-01   0.000  1  CBELSA_2012_THIEL_PR
1100.000 -0.083000 -0.423658E+00  0.103500E+00   0.000  1  CBELSA_2012_THIEL_PR
1150.000 -0.083000 -0.492997E+00  0.132600E+00   0.000  1  CBELSA_2012_THIEL_PR
1200.000 -0.083000 -0.101003E+00  0.144900E+00   0.000  1  CBELSA_2012_THIEL_PR
1250.000 -0.083000 -0.374999E+00  0.130700E+00   0.000  1  CBELSA_2012_THIEL_PR
1300.000 -0.083000 -0.203000E+00  0.129300E+00   0.000  1  CBELSA_2012_THIEL_PR
   28
 640.000  0.083000 -0.419857E+00  0.107800E+00   0.000  1  CBELSA_2012_THIEL_PR
 660.000  0.083000 -0.445686E+00  0.805000E-01   0.000  1  CBELSA_2012_THIEL_PR
 670.000  0.083000 -0.409378E+00  0.805000E-01   0.000  1  CBELSA_2012_THIEL_PR
 700.000  0.083000 -0.240895E+00  0.789000E-01   0.000  1  CBELSA_2012_THIEL_PR
 730.000  0.083000 -0.414477E+00  0.645000E-01   0.000  1  CBELSA_2012_THIEL_PR
 740.000  0.083000 -0.451072E+00  0.645000E-01   0.000  1  CBELSA_2012_THIEL_PR
 760.000  0.083000 -0.456631E+00  0.686000E-01   0.000  1  CBELSA_2012_THIEL_PR
 770.000  0.083000 -0.475648E+00  0.686000E-01   0.000  1  CBELSA_2012_THIEL_PR
 800.000  0.083000 -0.652168E+00  0.601000E-01   0.000  1  CBELSA_2012_THIEL_PR
 830.000  0.083000 -0.769420E+00  0.756000E-01   0.000  1  CBELSA_2012_THIEL_PR
 840.000  0.083000 -0.797010E+00  0.756000E-01   0.000  1  CBELSA_2012_THIEL_PR
 860.000  0.083000 -0.834937E+00  0.714000E-01   0.000  1  CBELSA_2012_THIEL_PR
 870.000  0.083000 -0.835334E+00  0.714000E-01   0.000  1  CBELSA_2012_THIEL_PR
 900.000  0.083000 -0.827630E+00  0.779000E-01   0.000  1  CBELSA_2012_THIEL_PR
 930.000  0.083000 -0.951415E+00  0.988000E-01   0.000  1  CBELSA_2012_THIEL_PR
 940.000  0.083000 -0.946503E+00  0.988000E-01   0.000  1  CBELSA_2012_THIEL_PR
 960.000  0.083000 -0.846380E+00  0.996000E-01   0.000  1  CBELSA_2012_THIEL_PR
 970.000  0.083000 -0.787468E+00  0.996000E-01   0.000  1  CBELSA_2012_THIEL_PR
1000.000  0.083000 -0.704460E+00  0.840000E-01   0.000  1  CBELSA_2012_THIEL_PR
1030.000  0.083000 -0.738631E+00  0.877000E-01   0.000  1  CBELSA_2012_THIEL_PR
1040.000  0.083000 -0.717335E+00  0.877000E-01   0.000  1  CBELSA_2012_THIEL_PR
1060.000  0.083000 -0.646175E+00  0.800000E-01   0.000  1  CBELSA_2012_THIEL_PR
1070.000  0.083000 -0.643918E+00  0.800000E-01   0.000  1  CBELSA_2012_THIEL_PR
1100.000  0.083000 -0.751643E+00  0.102100E+00   0.000  1  CBELSA_2012_THIEL_PR
1150.000  0.083000 -0.559001E+00  0.114500E+00   0.000  1  CBELSA_2012_THIEL_PR
1200.000  0.083000 -0.569998E+00  0.124300E+00   0.000  1  CBELSA_2012_THIEL_PR
1250.000  0.083000 -0.461001E+00  0.115800E+00   0.000  1  CBELSA_2012_THIEL_PR
1300.000  0.083000 -0.435000E+00  0.123900E+00   0.000  1  CBELSA_2012_THIEL_PR
   28
 640.000  0.250000 -0.250623E+00  0.107500E+00   0.000  1  CBELSA_2012_THIEL_PR
 660.000  0.250000 -0.285775E+00  0.875000E-01   0.000  1  CBELSA_2012_THIEL_PR
 670.000  0.250000 -0.296366E+00  0.875000E-01   0.000  1  CBELSA_2012_THIEL_PR
 700.000  0.250000 -0.304556E+00  0.856000E-01   0.000  1  CBELSA_2012_THIEL_PR
 730.000  0.250000 -0.345064E+00  0.608000E-01   0.000  1  CBELSA_2012_THIEL_PR
 740.000  0.250000 -0.386934E+00  0.608000E-01   0.000  1  CBELSA_2012_THIEL_PR
 760.000  0.250000 -0.496668E+00  0.679000E-01   0.000  1  CBELSA_2012_THIEL_PR
 770.000  0.250000 -0.543327E+00  0.679000E-01   0.000  1  CBELSA_2012_THIEL_PR
 800.000  0.250000 -0.628223E+00  0.580000E-01   0.000  1  CBELSA_2012_THIEL_PR
 830.000  0.250000 -0.697936E+00  0.708000E-01   0.000  1  CBELSA_2012_THIEL_PR
 840.000  0.250000 -0.689579E+00  0.708000E-01   0.000  1  CBELSA_2012_THIEL_PR
 860.000  0.250000 -0.646528E+00  0.750000E-01   0.000  1  CBELSA_2012_THIEL_PR
 870.000  0.250000 -0.645294E+00  0.750000E-01   0.000  1  CBELSA_2012_THIEL_PR
 900.000  0.250000 -0.726311E+00  0.813000E-01   0.000  1  CBELSA_2012_THIEL_PR
 930.000  0.250000 -0.706188E+00  0.988000E-01   0.000  1  CBELSA_2012_THIEL_PR
 940.000  0.250000 -0.689235E+00  0.988000E-01   0.000  1  CBELSA_2012_THIEL_PR
 960.000  0.250000 -0.658911E+00  0.115300E+00   0.000  1  CBELSA_2012_THIEL_PR
 970.000  0.250000 -0.642381E+00  0.115300E+00   0.000  1  CBELSA_2012_THIEL_PR
1000.000  0.250000 -0.575353E+00  0.838000E-01   0.000  1  CBELSA_2012_THIEL_PR
1030.000  0.250000 -0.509337E+00  0.836000E-01   0.000  1  CBELSA_2012_THIEL_PR
1040.000  0.250000 -0.513774E+00  0.836000E-01   0.000  1  CBELSA_2012_THIEL_PR
1060.000  0.250000 -0.558725E+00  0.755000E-01   0.000  1  CBELSA_2012_THIEL_PR
1070.000  0.250000 -0.582180E+00  0.755000E-01   0.000  1  CBELSA_2012_THIEL_PR
1100.000  0.250000 -0.576679E+00  0.892000E-01   0.000  1  CBELSA_2012_THIEL_PR
1150.000  0.250000 -0.376003E+00  0.112700E+00   0.000  1  CBELSA_2012_THIEL_PR
1200.000  0.250000 -0.578000E+00  0.124900E+00   0.000  1  CBELSA_2012_THIEL_PR
1250.000  0.250000 -0.550999E+00  0.111500E+00   0.000  1  CBELSA_2012_THIEL_PR
1300.000  0.250000 -0.408000E+00  0.122400E+00   0.000  1  CBELSA_2012_THIEL_PR
   28
 640.000  0.417100 -0.996082E-01  0.128400E+00   0.000  1  CBELSA_2012_THIEL_PR
 660.000  0.417100 -0.692468E-01  0.971000E-01   0.000  1  CBELSA_2012_THIEL_PR
 670.000  0.417100 -0.988340E-01  0.971000E-01   0.000  1  CBELSA_2012_THIEL_PR
 700.000  0.417100 -0.251872E+00  0.948000E-01   0.000  1  CBELSA_2012_THIEL_PR
 730.000  0.417100 -0.162040E+00  0.654000E-01   0.000  1  CBELSA_2012_THIEL_PR
 740.000  0.417100 -0.188111E+00  0.654000E-01   0.000  1  CBELSA_2012_THIEL_PR
 760.000  0.417100 -0.340356E+00  0.730000E-01   0.000  1  CBELSA_2012_THIEL_PR
 770.000  0.417100 -0.399165E+00  0.730000E-01   0.000  1  CBELSA_2012_THIEL_PR
 800.000  0.417100 -0.450980E+00  0.737000E-01   0.000  1  CBELSA_2012_THIEL_PR
 830.000  0.417100 -0.585468E+00  0.879000E-01   0.000  1  CBELSA_2012_THIEL_PR
 840.000  0.417100 -0.570254E+00  0.879000E-01   0.000  1  CBELSA_2012_THIEL_PR
 860.000  0.417100 -0.448808E+00  0.849000E-01   0.000  1  CBELSA_2012_THIEL_PR
 870.000  0.417100 -0.398918E+00  0.849000E-01   0.000  1  CBELSA_2012_THIEL_PR
 900.000  0.417100 -0.378406E+00  0.928000E-01   0.000  1  CBELSA_2012_THIEL_PR
 930.000  0.417100 -0.317671E+00  0.121100E+00   0.000  1  CBELSA_2012_THIEL_PR
 940.000  0.417100 -0.269468E+00  0.121100E+00   0.000  1  CBELSA_2012_THIEL_PR
 960.000  0.417100 -0.179668E+00  0.109900E+00   0.000  1  CBELSA_2012_THIEL_PR
 970.000  0.417100 -0.172982E+00  0.109900E+00   0.000  1  CBELSA_2012_THIEL_PR
1000.000  0.417100 -0.285533E+00  0.907000E-01   0.000  1  CBELSA_2012_THIEL_PR
1030.000  0.417100 -0.311554E+00  0.807000E-01   0.000  1  CBELSA_2012_THIEL_PR
1040.000  0.417100 -0.323506E+00  0.807000E-01   0.000  1  CBELSA_2012_THIEL_PR
1060.000  0.417100 -0.355202E+00  0.745000E-01   0.000  1  CBELSA_2012_THIEL_PR
1070.000  0.417100 -0.352848E+00  0.745000E-01   0.000  1  CBELSA_2012_THIEL_PR
1100.000  0.417100 -0.299678E+00  0.888000E-01   0.000  1  CBELSA_2012_THIEL_PR
1150.000  0.417100 -0.466999E+00  0.110500E+00   0.000  1  CBELSA_2012_THIEL_PR
1200.000  0.417100 -0.383999E+00  0.122500E+00   0.000  1  CBELSA_2012_THIEL_PR
1250.000  0.417100 -0.750002E-01  0.127400E+00   0.000  1  CBELSA_2012_THIEL_PR
1300.000  0.417100 -0.138000E+00  0.163200E+00   0.000  1  CBELSA_2012_THIEL_PR
   28
 640.000  0.583000 -0.124579E+00  0.154700E+00   0.000  1  CBELSA_2012_THIEL_PR
 660.000  0.583000 -0.153955E+00  0.120900E+00   0.000  1  CBELSA_2012_THIEL_PR
 670.000  0.583000 -0.140287E+00  0.120900E+00   0.000  1  CBELSA_2012_THIEL_PR
 700.000  0.583000 -0.329410E-01  0.104600E+00   0.000  1  CBELSA_2012_THIEL_PR
 730.000  0.583000 -0.638033E-01  0.764000E-01   0.000  1  CBELSA_2012_THIEL_PR
 740.000  0.583000 -0.103743E+00  0.764000E-01   0.000  1  CBELSA_2012_THIEL_PR
 760.000  0.583000 -0.196941E+00  0.832000E-01   0.000  1  CBELSA_2012_THIEL_PR
 770.000  0.583000 -0.238765E+00  0.832000E-01   0.000  1  CBELSA_2012_THIEL_PR
 800.000  0.583000 -0.299568E+00  0.756000E-01   0.000  1  CBELSA_2012_THIEL_PR
 830.000  0.583000 -0.272122E+00  0.977000E-01   0.000  1  CBELSA_2012_THIEL_PR
 840.000  0.583000 -0.272976E+00  0.977000E-01   0.000  1  CBELSA_2012_THIEL_PR
 860.000  0.583000 -0.280213E+00  0.971000E-01   0.000  1  CBELSA_2012_THIEL_PR
 870.000  0.583000 -0.262990E+00  0.971000E-01   0.000  1  CBELSA_2012_THIEL_PR
 900.000  0.583000 -0.113380E+00  0.962000E-01   0.000  1  CBELSA_2012_THIEL_PR
 930.000  0.583000 -0.352700E-02  0.135100E+00   0.000  1  CBELSA_2012_THIEL_PR
 940.000  0.583000 -0.107431E-01  0.135100E+00   0.000  1  CBELSA_2012_THIEL_PR
 960.000  0.583000 -0.452226E-01  0.112300E+00   0.000  1  CBELSA_2012_THIEL_PR
 970.000  0.583000 -0.280903E-01  0.112300E+00   0.000  1  CBELSA_2012_THIEL_PR
1000.000  0.583000  0.111538E+00  0.882000E-01   0.000  1  CBELSA_2012_THIEL_PR
1030.000  0.583000 -0.220076E-01  0.857000E-01   0.000  1  CBELSA_2012_THIEL_PR
1040.000  0.583000 -0.839955E-01  0.857000E-01   0.000  1  CBELSA_2012_THIEL_PR
1060.000  0.583000 -0.165623E+00  0.746000E-01   0.000  1  CBELSA_2012_THIEL_PR
1070.000  0.583000 -0.180284E+00  0.746000E-01   0.000  1  CBELSA_2012_THIEL_PR
1100.000  0.583000 -0.128461E+00  0.964000E-01   0.000  1  CBELSA_2012_THIEL_PR
1150.000  0.583000  0.199711E-02  0.128000E+00   0.000  1  CBELSA_2012_THIEL_PR
1200.000  0.583000 -0.380010E-01  0.147600E+00   0.000  1  CBELSA_2012_THIEL_PR
1250.000  0.583000  0.338996E+00  0.144900E+00   0.000  1  CBELSA_2012_THIEL_PR
1300.000  0.583000  0.819990E-01  0.145400E+00   0.000  1  CBELSA_2012_THIEL_PR
   28
 640.000  0.750000 -0.113193E+00  0.213000E+00   0.000  1  CBELSA_2012_THIEL_PR
 660.000  0.750000 -0.117106E+00  0.168600E+00   0.000  1  CBELSA_2012_THIEL_PR
 670.000  0.750000 -0.120840E+00  0.168600E+00   0.000  1  CBELSA_2012_THIEL_PR
 700.000  0.750000 -0.990107E-01  0.181700E+00   0.000  1  CBELSA_2012_THIEL_PR
 730.000  0.750000 -0.717389E-02  0.972000E-01   0.000  1  CBELSA_2012_THIEL_PR
 740.000  0.750000 -0.302596E-01  0.972000E-01   0.000  1  CBELSA_2012_THIEL_PR
 760.000  0.750000 -0.137730E+00  0.119600E+00   0.000  1  CBELSA_2012_THIEL_PR
 770.000  0.750000 -0.167227E+00  0.119600E+00   0.000  1  CBELSA_2012_THIEL_PR
 800.000  0.750000 -0.133727E+00  0.106100E+00   0.000  1  CBELSA_2012_THIEL_PR
 830.000  0.750000 -0.182769E+00  0.123900E+00   0.000  1  CBELSA_2012_THIEL_PR
 840.000  0.750000 -0.149807E+00  0.123900E+00   0.000  1  CBELSA_2012_THIEL_PR
 860.000  0.750000  0.820049E-02  0.135500E+00   0.000  1  CBELSA_2012_THIEL_PR
 870.000  0.750000  0.949653E-01  0.135500E+00   0.000  1  CBELSA_2012_THIEL_PR
 900.000  0.750000  0.261024E+00  0.145400E+00   0.000  1  CBELSA_2012_THIEL_PR
 930.000  0.750000  0.308136E+00  0.176300E+00   0.000  1  CBELSA_2012_THIEL_PR
 940.000  0.750000  0.335506E+00  0.176300E+00   0.000  1  CBELSA_2012_THIEL_PR
 960.000  0.750000  0.366092E+00  0.119400E+00   0.000  1  CBELSA_2012_THIEL_PR
 970.000  0.750000  0.319842E+00  0.119400E+00   0.000  1  CBELSA_2012_THIEL_PR
1000.000  0.750000  0.145607E-01  0.865000E-01   0.000  1  CBELSA_2012_THIEL_PR
1030.000  0.750000 -0.343919E-01  0.904000E-01   0.000  1  CBELSA_2012_THIEL_PR
1040.000  0.750000 -0.478046E-01  0.904000E-01   0.000  1  CBELSA_2012_THIEL_PR
1060.000  0.750000 -0.114084E+00  0.847000E-01   0.000  1  CBELSA_2012_THIEL_PR
1070.000  0.750000 -0.145227E+00  0.847000E-01   0.000  1  CBELSA_2012_THIEL_PR
1100.000  0.750000 -0.218240E+00  0.976000E-01   0.000  1  CBELSA_2012_THIEL_PR
1150.000  0.750000 -0.377996E+00  0.178400E+00   0.000  1  CBELSA_2012_THIEL_PR
1200.000  0.750000 -0.609986E-01  0.156200E+00   0.000  1  CBELSA_2012_THIEL_PR
1250.000  0.750000 -0.329983E-01  0.128800E+00   0.000  1  CBELSA_2012_THIEL_PR
1300.000  0.750000 -0.839993E-01  0.112300E+00   0.000  1  CBELSA_2012_THIEL_PR
   28
 640.000  0.833000 -0.222543E+00  0.229300E+00   0.000  1  CBELSA_2012_THIEL_PR
 660.000  0.833000 -0.313050E+00  0.228600E+00   0.000  1  CBELSA_2012_THIEL_PR
 670.000  0.833000 -0.266276E+00  0.228600E+00   0.000  1  CBELSA_2012_THIEL_PR
 700.000  0.833000  0.102997E+00  0.178700E+00   0.000  1  CBELSA_2012_THIEL_PR
 730.000  0.833000  0.124698E+00  0.107800E+00   0.000  1  CBELSA_2012_THIEL_PR
 740.000  0.833000  0.932157E-01  0.107800E+00   0.000  1  CBELSA_2012_THIEL_PR
 760.000  0.833000 -0.647619E-03  0.140500E+00   0.000  1  CBELSA_2012_THIEL_PR
 770.000  0.833000 -0.932072E-01  0.140500E+00   0.000  1  CBELSA_2012_THIEL_PR
 800.000  0.833000 -0.301997E+00  0.116100E+00   0.000  1  CBELSA_2012_THIEL_PR
 830.000  0.833000  0.133924E+00  0.139300E+00   0.000  1  CBELSA_2012_THIEL_PR
 840.000  0.833000  0.169395E+00  0.139300E+00   0.000  1  CBELSA_2012_THIEL_PR
 860.000  0.833000  0.722891E-01  0.136500E+00   0.000  1  CBELSA_2012_THIEL_PR
 870.000  0.833000  0.108205E+00  0.136500E+00   0.000  1  CBELSA_2012_THIEL_PR
 900.000  0.833000  0.476995E+00  0.144100E+00   0.000  1  CBELSA_2012_THIEL_PR
 930.000  0.833000  0.575466E-01  0.205000E+00   0.000  1  CBELSA_2012_THIEL_PR
 940.000  0.833000 -0.294415E-01  0.205000E+00   0.000  1  CBELSA_2012_THIEL_PR
 960.000  0.833000  0.225192E-01  0.102000E+00   0.000  1  CBELSA_2012_THIEL_PR
 970.000  0.833000  0.794413E-01  0.102000E+00   0.000  1  CBELSA_2012_THIEL_PR
1000.000  0.833000  0.108999E+00  0.828000E-01   0.000  1  CBELSA_2012_THIEL_PR
1030.000  0.833000 -0.448334E-01  0.766000E-01   0.000  1  CBELSA_2012_THIEL_PR
1040.000  0.833000 -0.766048E-01  0.766000E-01   0.000  1  CBELSA_2012_THIEL_PR
1060.000  0.833000 -0.949187E-01  0.918000E-01   0.000  1  CBELSA_2012_THIEL_PR
1070.000  0.833000 -0.105306E+00  0.918000E-01   0.000  1  CBELSA_2012_THIEL_PR
1100.000  0.833000 -0.219000E+00  0.952000E-01   0.000  1  CBELSA_2012_THIEL_PR
1150.000  0.833000 -0.435241E+00  0.178400E+00   0.000  1  CBELSA_2012_THIEL_PR
1200.000  0.833000 -0.101073E-01  0.156200E+00   0.000  1  CBELSA_2012_THIEL_PR
1250.000  0.833000 -0.343168E-01  0.128800E+00   0.000  1  CBELSA_2012_THIEL_PR
1300.000  0.833000 -0.120795E+00  0.112300E+00   0.000  1  CBELSA_2012_THIEL_PR
   28
 640.000  0.917000 -0.310759E-02  0.229300E+00   0.000  1  CBELSA_2012_THIEL_PR
 660.000  0.917000 -0.264980E-02  0.228600E+00   0.000  1  CBELSA_2012_THIEL_PR
 670.000  0.917000  0.133844E-02  0.228600E+00   0.000  1  CBELSA_2012_THIEL_PR
 700.000  0.917000  0.241128E-01  0.178700E+00   0.000  1  CBELSA_2012_THIEL_PR
 730.000  0.917000  0.993615E-02  0.107800E+00   0.000  1  CBELSA_2012_THIEL_PR
 740.000  0.917000 -0.237362E-01  0.107800E+00   0.000  1  CBELSA_2012_THIEL_PR
 760.000  0.917000 -0.118606E+00  0.140500E+00   0.000  1  CBELSA_2012_THIEL_PR
 770.000  0.917000 -0.158701E+00  0.140500E+00   0.000  1  CBELSA_2012_THIEL_PR
 800.000  0.917000 -0.131910E+00  0.116100E+00   0.000  1  CBELSA_2012_THIEL_PR
 830.000  0.917000  0.130794E+00  0.139300E+00   0.000  1  CBELSA_2012_THIEL_PR
 840.000  0.917000  0.173896E+00  0.139300E+00   0.000  1  CBELSA_2012_THIEL_PR
 860.000  0.917000  0.182787E+00  0.136500E+00   0.000  1  CBELSA_2012_THIEL_PR
 870.000  0.917000  0.199669E+00  0.136500E+00   0.000  1  CBELSA_2012_THIEL_PR
 900.000  0.917000  0.321801E+00  0.144100E+00   0.000  1  CBELSA_2012_THIEL_PR
 930.000  0.917000  0.214175E+00  0.205000E+00   0.000  1  CBELSA_2012_THIEL_PR
 940.000  0.917000  0.124249E+00  0.205000E+00   0.000  1  CBELSA_2012_THIEL_PR
 960.000  0.917000 -0.368569E-01  0.102000E+00   0.000  1  CBELSA_2012_THIEL_PR
 970.000  0.917000 -0.521738E-01  0.102000E+00   0.000  1  CBELSA_2012_THIEL_PR
1000.000  0.917000  0.125632E+00  0.828000E-01   0.000  1  CBELSA_2012_THIEL_PR
1030.000  0.917000  0.106703E+00  0.766000E-01   0.000  1  CBELSA_2012_THIEL_PR
1040.000  0.917000  0.436993E-01  0.766000E-01   0.000  1  CBELSA_2012_THIEL_PR
1060.000  0.917000 -0.913324E-01  0.918000E-01   0.000  1  CBELSA_2012_THIEL_PR
1070.000  0.917000 -0.124644E+00  0.918000E-01   0.000  1  CBELSA_2012_THIEL_PR
1100.000  0.917000 -0.125714E+00  0.952000E-01   0.000  1  CBELSA_2012_THIEL_PR
1150.000  0.917000 -0.355999E+00  0.173700E+00   0.000  1  CBELSA_2012_THIEL_PR
1200.000  0.917000  0.100998E+00  0.149000E+00   0.000  1  CBELSA_2012_THIEL_PR
1250.000  0.917000  0.108000E+00  0.112900E+00   0.000  1  CBELSA_2012_THIEL_PR
1300.000  0.917000 -0.110000E+00  0.934000E-01   0.000  1  CBELSA_2012_THIEL_PR
   24
 640.000  0.944000  0.111683E+00  0.245500E+00   0.000  1  CBELSA_2012_THIEL_PR
 660.000  0.944000  0.164699E+00  0.196800E+00   0.000  1  CBELSA_2012_THIEL_PR
 670.000  0.944000  0.141254E+00  0.196800E+00   0.000  1  CBELSA_2012_THIEL_PR
 700.000  0.944000 -0.439975E-01  0.223000E+00   0.000  1  CBELSA_2012_THIEL_PR
 730.000  0.944000 -0.598362E-01  0.124400E+00   0.000  1  CBELSA_2012_THIEL_PR
 740.000  0.944000 -0.928004E-01  0.124400E+00   0.000  1  CBELSA_2012_THIEL_PR
 760.000  0.944000 -0.191130E+00  0.184100E+00   0.000  1  CBELSA_2012_THIEL_PR
 770.000  0.944000 -0.198798E+00  0.184100E+00   0.000  1  CBELSA_2012_THIEL_PR
 800.000  0.944000 -0.300015E-01  0.133800E+00   0.000  1  CBELSA_2012_THIEL_PR
 830.000  0.944000  0.835224E-01  0.145900E+00   0.000  1  CBELSA_2012_THIEL_PR
 840.000  0.944000  0.130352E+00  0.145900E+00   0.000  1  CBELSA_2012_THIEL_PR
 860.000  0.944000  0.226645E+00  0.152100E+00   0.000  1  CBELSA_2012_THIEL_PR
 870.000  0.944000  0.243381E+00  0.152100E+00   0.000  1  CBELSA_2012_THIEL_PR
 900.000  0.944000  0.225007E+00  0.243300E+00   0.000  1  CBELSA_2012_THIEL_PR
 930.000  0.944000  0.324735E+00  0.396900E+00   0.000  1  CBELSA_2012_THIEL_PR
 940.000  0.944000  0.251170E+00  0.396900E+00   0.000  1  CBELSA_2012_THIEL_PR
 960.000  0.944000 -0.656489E-02  0.122000E+00   0.000  1  CBELSA_2012_THIEL_PR
 970.000  0.944000 -0.699881E-01  0.122000E+00   0.000  1  CBELSA_2012_THIEL_PR
1000.000  0.944000  0.117000E+00  0.102100E+00   0.000  1  CBELSA_2012_THIEL_PR
1030.000  0.944000  0.173975E+00  0.891000E-01   0.000  1  CBELSA_2012_THIEL_PR
1040.000  0.944000  0.105110E+00  0.891000E-01   0.000  1  CBELSA_2012_THIEL_PR
1060.000  0.944000 -0.846630E-01  0.120800E+00   0.000  1  CBELSA_2012_THIEL_PR
1070.000  0.944000 -0.143181E+00  0.120800E+00   0.000  1  CBELSA_2012_THIEL_PR
1100.000  0.944000 -0.860003E-01  0.123000E+00   0.000  1  CBELSA_2012_THIEL_PR