   16
   -0.9440   15  633.000 1100.000
  633.000000  0.249967E-01  0.350500E+00   0.000  1  CBELSA_2012_THIEL_PR
  667.000000  0.700007E-01  0.340900E+00   0.000  1  CBELSA_2012_THIEL_PR
  700.000000 -0.312998E+00  0.271800E+00   0.000  1  CBELSA_2012_THIEL_PR
  733.000000 -0.800010E-01  0.158000E+00   0.000  1  CBELSA_2012_THIEL_PR
  767.000000 -0.334000E+00  0.154000E+00   0.000  1  CBELSA_2012_THIEL_PR
  800.000000 -0.158000E+00  0.114600E+00   0.000  1  CBELSA_2012_THIEL_PR
  833.000000 -0.304000E+00  0.113900E+00   0.000  1  CBELSA_2012_THIEL_PR
  867.000000 -0.311000E+00  0.111900E+00   0.000  1  CBELSA_2012_THIEL_PR
  900.000000 -0.442000E+00  0.971000E-01   0.000  1  CBELSA_2012_THIEL_PR
  933.000000 -0.250000E-01  0.155600E+00   0.000  1  CBELSA_2012_THIEL_PR
  967.000000 -0.776000E+00  0.136400E+00   0.000  1  CBELSA_2012_THIEL_PR
 1000.000000 -0.424000E+00  0.118100E+00   0.000  1  CBELSA_2012_THIEL_PR
 1033.000000 -0.628000E+00  0.109800E+00   0.000  1  CBELSA_2012_THIEL_PR
 1067.000000 -0.542001E+00  0.109100E+00   0.000  1  CBELSA_2012_THIEL_PR
 1100.000000 -0.449001E+00  0.157000E+00   0.000  1  CBELSA_2012_THIEL_PR
   -0.9170   19  633.000 1300.000
  633.000000 -0.136167E+00  0.350500E+00   0.000  1  CBELSA_2012_THIEL_PR
  667.000000  0.247950E-01  0.340900E+00   0.000  1  CBELSA_2012_THIEL_PR
  700.000000 -0.255566E+00  0.271800E+00   0.000  1  CBELSA_2012_THIEL_PR
  733.000000 -0.171180E+00  0.158000E+00   0.000  1  CBELSA_2012_THIEL_PR
  767.000000 -0.337101E+00  0.154000E+00   0.000  1  CBELSA_2012_THIEL_PR
  800.000000 -0.207733E+00  0.114600E+00   0.000  1  CBELSA_2012_THIEL_PR
  833.000000 -0.334153E+00  0.113900E+00   0.000  1  CBELSA_2012_THIEL_PR
  867.000000 -0.421884E+00  0.111900E+00   0.000  1  CBELSA_2012_THIEL_PR
  900.000000 -0.486435E+00  0.971000E-01   0.000  1  CBELSA_2012_THIEL_PR
  933.000000 -0.108363E+00  0.155600E+00   0.000  1  CBELSA_2012_THIEL_PR
  967.000000 -0.777768E+00  0.136400E+00   0.000  1  CBELSA_2012_THIEL_PR
 1000.000000 -0.516744E+00  0.118100E+00   0.000  1  CBELSA_2012_THIEL_PR
 1033.000000 -0.659508E+00  0.109800E+00   0.000  1  CBELSA_2012_THIEL_PR
 1067.000000 -0.620406E+00  0.109100E+00   0.000  1  CBELSA_2012_THIEL_PR
 1100.000000 -0.531657E+00  0.157000E+00   0.000  1  CBELSA_2012_THIEL_PR
 1150.000000 -0.271001E+00  0.183900E+00   0.000  1  CBELSA_2012_THIEL_PR
 1200.000000 -0.327000E+00  0.162300E+00   0.000  1  CBELSA_2012_THIEL_PR
 1250.000000 -0.310000E+00  0.137700E+00   0.000  1  CBELSA_2012_THIEL_PR
 1300.000000  0.229990E-01  0.127100E+00   0.000  1  CBELSA_2012_THIEL_PR
   -0.8330   19  633.000 1300.000
  633.000000 -0.499997E+00  0.215600E+00   0.000  1  CBELSA_2012_THIEL_PR
  667.000000 -0.150001E+00  0.167800E+00   0.000  1  CBELSA_2012_THIEL_PR
  700.000000 -0.227001E+00  0.147700E+00   0.000  1  CBELSA_2012_THIEL_PR
  733.000000 -0.401999E+00  0.103100E+00   0.000  1  CBELSA_2012_THIEL_PR
  767.000000 -0.361000E+00  0.966000E-01   0.000  1  CBELSA_2012_THIEL_PR
  800.000000 -0.387000E+00  0.805000E-01   0.000  1  CBELSA_2012_THIEL_PR
  833.000000 -0.447000E+00  0.757000E-01   0.000  1  CBELSA_2012_THIEL_PR
  867.000000 -0.642999E+00  0.793000E-01   0.000  1  CBELSA_2012_THIEL_PR
  900.000000 -0.617000E+00  0.649000E-01   0.000  1  CBELSA_2012_THIEL_PR
  933.000000 -0.375000E+00  0.966000E-01   0.000  1  CBELSA_2012_THIEL_PR
  967.000000 -0.791000E+00  0.875000E-01   0.000  1  CBELSA_2012_THIEL_PR
 1000.000000 -0.762000E+00  0.782000E-01   0.000  1  CBELSA_2012_THIEL_PR
 1033.000000 -0.736000E+00  0.734000E-01   0.000  1  CBELSA_2012_THIEL_PR
 1067.000000 -0.753999E+00  0.849000E-01   0.000  1  CBELSA_2012_THIEL_PR
 1100.000000 -0.708999E+00  0.120600E+00   0.000  1  CBELSA_2012_THIEL_PR
 1150.000000 -0.540691E+00  0.183900E+00   0.000  1  CBELSA_2012_THIEL_PR
 1200.000000 -0.329171E+00  0.162300E+00   0.000  1  CBELSA_2012_THIEL_PR
 1250.000000 -0.239199E+00  0.137700E+00   0.000  1  CBELSA_2012_THIEL_PR
 1300.000000 -0.132469E+00  0.127100E+00   0.000  1  CBELSA_2012_THIEL_PR
   -0.7500   19  633.000 1300.000
  633.000000 -0.492839E+00  0.215600E+00   0.000  1  CBELSA_2012_THIEL_PR
  667.000000 -0.367635E+00  0.167800E+00   0.000  1  CBELSA_2012_THIEL_PR
  700.000000 -0.519148E+00  0.147700E+00   0.000  1  CBELSA_2012_THIEL_PR
  733.000000 -0.482381E+00  0.103100E+00   0.000  1  CBELSA_2012_THIEL_PR
  767.000000 -0.446116E+00  0.966000E-01   0.000  1  CBELSA_2012_THIEL_PR
  800.000000 -0.607822E+00  0.805000E-01   0.000  1  CBELSA_2012_THIEL_PR
  833.000000 -0.588815E+00  0.757000E-01   0.000  1  CBELSA_2012_THIEL_PR
  867.000000 -0.585111E+00  0.793000E-01   0.000  1  CBELSA_2012_THIEL_PR
  900.000000 -0.715593E+00  0.649000E-01   0.000  1  CBELSA_2012_THIEL_PR
  933.000000 -0.617917E+00  0.966000E-01   0.000  1  CBELSA_2012_THIEL_PR
  967.000000 -0.804429E+00  0.875000E-01   0.000  1  CBELSA_2012_THIEL_PR
 1000.000000 -0.856580E+00  0.782000E-01   0.000  1  CBELSA_2012_THIEL_PR
 1033.000000 -0.737177E+00  0.734000E-01   0.000  1  CBELSA_2012_THIEL_PR
 1067.000000 -0.631984E+00  0.849000E-01   0.000  1  CBELSA_2012_THIEL_PR
 1100.000000 -0.678515E+00  0.120600E+00   0.000  1  CBELSA_2012_THIEL_PR
 1150.000000 -0.610998E+00  0.144700E+00   0.000  1  CBELSA_2012_THIEL_PR
 1200.000000 -0.295999E+00  0.138900E+00   0.000  1  CBELSA_2012_THIEL_PR
 1250.000000 -0.170000E+00  0.127000E+00   0.000  1  CBELSA_2012_THIEL_PR
 1300.000000 -0.101997E+00  0.130600E+00   0.000  1  CBELSA_2012_THIEL_PR
   -0.5830   19  633.000 1300.000
  633.000000 -0.336749E+00  0.133500E+00   0.000  1  CBELSA_2012_THIEL_PR
  667.000000 -0.333948E+00  0.102500E+00   0.000  1  CBELSA_2012_THIEL_PR
  700.000000 -0.443524E+00  0.100500E+00   0.000  1  CBELSA_2012_THIEL_PR
  733.000000 -0.460845E+00  0.756000E-01   0.000  1  CBELSA_2012_THIEL_PR
  767.000000 -0.753780E+00  0.774000E-01   0.000  1  CBELSA_2012_THIEL_PR
  800.000000 -0.753338E+00  0.772000E-01   0.000  1  CBELSA_2012_THIEL_PR
  833.000000 -0.711346E+00  0.695000E-01   0.000  1  CBELSA_2012_THIEL_PR
  867.000000 -0.824984E+00  0.757000E-01   0.000  1  CBELSA_2012_THIEL_PR
  900.000000 -0.718655E+00  0.615000E-01   0.000  1  CBELSA_2012_THIEL_PR
  933.000000 -0.698555E+00  0.852000E-01   0.000  1  CBELSA_2012_THIEL_PR
  967.000000 -0.635699E+00  0.802000E-01   0.000  1  CBELSA_2012_THIEL_PR
 1000.000000 -0.595323E+00  0.658000E-01   0.000  1  CBELSA_2012_THIEL_PR
 1033.000000 -0.564064E+00  0.695000E-01   0.000  1  CBELSA_2012_THIEL_PR
 1067.000000 -0.546043E+00  0.733000E-01   0.000  1  CBELSA_2012_THIEL_PR
 1100.000000 -0.509322E+00  0.938000E-01   0.000  1  CBELSA_2012_THIEL_PR
 1150.000000 -0.580010E-01  0.121100E+00   0.000  1  CBELSA_2012_THIEL_PR
 1200.000000 -0.840003E-01  0.134100E+00   0.000  1  CBELSA_2012_THIEL_PR
 1250.000000  0.101002E+00  0.140600E+00   0.000  1  CBELSA_2012_THIEL_PR
 1300.000000  0.619999E+00  0.134500E+00   0.000  1  CBELSA_2012_THIEL_PR
   -0.4169   19  633.000 1300.000
  633.000000 -0.359069E+00  0.131000E+00   0.000  1  CBELSA_2012_THIEL_PR
  667.000000 -0.467874E+00  0.976000E-01   0.000  1  CBELSA_2012_THIEL_PR
  700.000000 -0.656099E+00  0.939000E-01   0.000  1  CBELSA_2012_THIEL_PR
  733.000000 -0.537811E+00  0.678000E-01   0.000  1  CBELSA_2012_THIEL_PR
  767.000000 -0.656736E+00  0.721000E-01   0.000  1  CBELSA_2012_THIEL_PR
  800.000000 -0.852402E+00  0.714000E-01   0.000  1  CBELSA_2012_THIEL_PR
  833.000000 -0.781592E+00  0.757000E-01   0.000  1  CBELSA_2012_THIEL_PR
  867.000000 -0.776843E+00  0.715000E-01   0.000  1  CBELSA_2012_THIEL_PR
  900.000000 -0.727039E+00  0.630000E-01   0.000  1  CBELSA_2012_THIEL_PR
  933.000000 -0.947599E+00  0.882000E-01   0.000  1  CBELSA_2012_THIEL_PR
  967.000000 -0.798213E+00  0.816000E-01   0.000  1  CBELSA_2012_THIEL_PR
 1000.000000 -0.598046E+00  0.712000E-01   0.000  1  CBELSA_2012_THIEL_PR
 1033.000000 -0.493730E+00  0.711000E-01   0.000  1  CBELSA_2012_THIEL_PR
 1067.000000 -0.221768E+00  0.710000E-01   0.000  1  CBELSA_2012_THIEL_PR
 1100.000000 -0.210672E+00  0.917000E-01   0.000  1  CBELSA_2012_THIEL_PR
 1150.000000  0.115001E+00  0.143600E+00   0.000  1  CBELSA_2012_THIEL_PR
 1200.000000  0.127000E+00  0.156000E+00   0.000  1  CBELSA_2012_THIEL_PR
 1250.000000  0.601997E+00  0.147100E+00   0.000  1  CBELSA_2012_THIEL_PR
 1300.000000  0.843998E+00  0.149000E+00   0.000  1  CBELSA_2012_THIEL_PR
   -0.2500   19  633.000 1300.000
  633.000000 -0.429635E+00  0.117600E+00   0.000  1  CBELSA_2012_THIEL_PR
  667.000000 -0.497505E+00  0.797000E-01   0.000  1  CBELSA_2012_THIEL_PR
  700.000000 -0.408384E+00  0.829000E-01   0.000  1  CBELSA_2012_THIEL_PR
  733.000000 -0.545358E+00  0.597000E-01   0.000  1  CBELSA_2012_THIEL_PR
  767.000000 -0.675365E+00  0.672000E-01   0.000  1  CBELSA_2012_THIEL_PR
  800.000000 -0.684457E+00  0.588000E-01   0.000  1  CBELSA_2012_THIEL_PR
  833.000000 -0.860955E+00  0.686000E-01   0.000  1  CBELSA_2012_THIEL_PR
  867.000000 -0.805753E+00  0.644000E-01   0.000  1  CBELSA_2012_THIEL_PR
  900.000000 -0.830123E+00  0.630000E-01   0.000  1  CBELSA_2012_THIEL_PR
  933.000000 -0.860456E+00  0.854000E-01   0.000  1  CBELSA_2012_THIEL_PR
  967.000000 -0.784878E+00  0.868000E-01   0.000  1  CBELSA_2012_THIEL_PR
 1000.000000 -0.659065E+00  0.722000E-01   0.000  1  CBELSA_2012_THIEL_PR
 1033.000000 -0.582097E+00  0.780000E-01   0.000  1  CBELSA_2012_THIEL_PR
 1067.000000 -0.405932E+00  0.746000E-01   0.000  1  CBELSA_2012_THIEL_PR
 1100.000000 -0.235249E+00  0.101000E+00   0.000  1  CBELSA_2012_THIEL_PR
 1150.000000 -0.200008E-01  0.146000E+00   0.000  1  CBELSA_2012_THIEL_PR
 1200.000000  0.197999E+00  0.154300E+00   0.000  1  CBELSA_2012_THIEL_PR
 1250.000000  0.843046E-01  0.133000E+00   0.000  1  CBELSA_2012_THIEL_PR
 1300.000000  0.253002E+00  0.160300E+00   0.000  1  CBELSA_2012_THIEL_PR
   -0.0830   19  633.000 1300.000
  633.000000 -0.296304E+00  0.106900E+00   0.000  1  CBELSA_2012_THIEL_PR
  667.000000 -0.420802E+00  0.929000E-01   0.000  1  CBELSA_2012_THIEL_PR
  700.000000 -0.516181E+00  0.769000E-01   0.000  1  CBELSA_2012_THIEL_PR
  733.000000 -0.464642E+00  0.569000E-01   0.000  1  CBELSA_2012_THIEL_PR
  767.000000 -0.594821E+00  0.656000E-01   0.000  1  CBELSA_2012_THIEL_PR
  800.000000 -0.632138E+00  0.573000E-01   0.000  1  CBELSA_2012_THIEL_PR
  833.000000 -0.789501E+00  0.679000E-01   0.000  1  CBELSA_2012_THIEL_PR
  867.000000 -0.794541E+00  0.694000E-01   0.000  1  CBELSA_2012_THIEL_PR
  900.000000 -0.826329E+00  0.639000E-01   0.000  1  CBELSA_2012_THIEL_PR
  933.000000 -0.953440E+00  0.872000E-01   0.000  1  CBELSA_2012_THIEL_PR
  967.000000 -0.685027E+00  0.806000E-01   0.000  1  CBELSA_2012_THIEL_PR
 1000.000000 -0.791710E+00  0.768000E-01   0.000  1  CBELSA_2012_THIEL_PR
 1033.000000 -0.781788E+00  0.803000E-01   0.000  1  CBELSA_2012_THIEL_PR
 1067.000000 -0.608950E+00  0.763000E-01   0.000  1  CBELSA_2012_THIEL_PR
 1100.000000 -0.423657E+00  0.103500E+00   0.000  1  CBELSA_2012_THIEL_PR
 1150.000000 -0.492999E+00  0.132600E+00   0.000  1  CBELSA_2012_THIEL_PR
 1200.000000 -0.101001E+00  0.144900E+00   0.000  1  CBELSA_2012_THIEL_PR
 1250.000000 -0.375000E+00  0.130700E+00   0.000  1  CBELSA_2012_THIEL_PR
 1300.000000 -0.203000E+00  0.129300E+00   0.000  1  CBELSA_2012_THIEL_PR
    0.0830   19  633.000 1300.000
  633.000000 -0.395898E+00  0.107800E+00   0.000  1  CBELSA_2012_THIEL_PR
  667.000000 -0.424888E+00  0.805000E-01   0.000  1  CBELSA_2012_THIEL_PR
  700.000000 -0.240894E+00  0.789000E-01   0.000  1  CBELSA_2012_THIEL_PR
  733.000000 -0.430032E+00  0.645000E-01   0.000  1  CBELSA_2012_THIEL_PR
  767.000000 -0.466537E+00  0.686000E-01   0.000  1  CBELSA_2012_THIEL_PR
  800.000000 -0.652168E+00  0.601000E-01   0.000  1  CBELSA_2012_THIEL_PR
  833.000000 -0.777853E+00  0.756000E-01   0.000  1  CBELSA_2012_THIEL_PR
  867.000000 -0.836931E+00  0.714000E-01   0.000  1  CBELSA_2012_THIEL_PR
  900.000000 -0.827629E+00  0.779000E-01   0.000  1  CBELSA_2012_THIEL_PR
  933.000000 -0.954706E+00  0.988000E-01   0.000  1  CBELSA_2012_THIEL_PR
  967.000000 -0.804076E+00  0.996000E-01   0.000  1  CBELSA_2012_THIEL_PR
 1000.000000 -0.704460E+00  0.840000E-01   0.000  1  CBELSA_2012_THIEL_PR
 1033.000000 -0.735394E+00  0.877000E-01   0.000  1  CBELSA_2012_THIEL_PR
 1067.000000 -0.640139E+00  0.800000E-01   0.000  1  CBELSA_2012_THIEL_PR
 1100.000000 -0.751644E+00  0.102100E+00   0.000  1  CBELSA_2012_THIEL_PR
 1150.000000 -0.559000E+00  0.114500E+00   0.000  1  CBELSA_2012_THIEL_PR
 1200.000000 -0.569998E+00  0.124300E+00   0.000  1  CBELSA_2012_THIEL_PR
 1250.000000 -0.461001E+00  0.115800E+00   0.000  1  CBELSA_2012_THIEL_PR
 1300.000000 -0.435000E+00  0.123900E+00   0.000  1  CBELSA_2012_THIEL_PR
    0.2500   19  633.000 1300.000
  633.000000 -0.236206E+00  0.107500E+00   0.000  1  CBELSA_2012_THIEL_PR
  667.000000 -0.293851E+00  0.875000E-01   0.000  1  CBELSA_2012_THIEL_PR
  700.000000 -0.304556E+00  0.856000E-01   0.000  1  CBELSA_2012_THIEL_PR
  733.000000 -0.355751E+00  0.608000E-01   0.000  1  CBELSA_2012_THIEL_PR
  767.000000 -0.530863E+00  0.679000E-01   0.000  1  CBELSA_2012_THIEL_PR
  800.000000 -0.628223E+00  0.580000E-01   0.000  1  CBELSA_2012_THIEL_PR
  833.000000 -0.697869E+00  0.708000E-01   0.000  1  CBELSA_2012_THIEL_PR
  867.000000 -0.642744E+00  0.750000E-01   0.000  1  CBELSA_2012_THIEL_PR
  900.000000 -0.726312E+00  0.813000E-01   0.000  1  CBELSA_2012_THIEL_PR
  933.000000 -0.700852E+00  0.988000E-01   0.000  1  CBELSA_2012_THIEL_PR
  967.000000 -0.647584E+00  0.115300E+00   0.000  1  CBELSA_2012_THIEL_PR
 1000.000000 -0.575353E+00  0.838000E-01   0.000  1  CBELSA_2012_THIEL_PR
 1033.000000 -0.508640E+00  0.836000E-01   0.000  1  CBELSA_2012_THIEL_PR
 1067.000000 -0.575874E+00  0.755000E-01   0.000  1  CBELSA_2012_THIEL_PR
 1100.000000 -0.576680E+00  0.892000E-01   0.000  1  CBELSA_2012_THIEL_PR
 1150.000000 -0.376001E+00  0.112700E+00   0.000  1  CBELSA_2012_THIEL_PR
 1200.000000 -0.578001E+00  0.124900E+00   0.000  1  CBELSA_2012_THIEL_PR
 1250.000000 -0.550999E+00  0.111500E+00   0.000  1  CBELSA_2012_THIEL_PR
 1300.000000 -0.408000E+00  0.122400E+00   0.000  1  CBELSA_2012_THIEL_PR
    0.4171   19  633.000 1300.000
  633.000000 -0.123802E+00  0.128400E+00   0.000  1  CBELSA_2012_THIEL_PR
  667.000000 -0.857532E-01  0.971000E-01   0.000  1  CBELSA_2012_THIEL_PR
  700.000000 -0.251873E+00  0.948000E-01   0.000  1  CBELSA_2012_THIEL_PR
  733.000000 -0.163355E+00  0.654000E-01   0.000  1  CBELSA_2012_THIEL_PR
  767.000000 -0.385778E+00  0.730000E-01   0.000  1  CBELSA_2012_THIEL_PR
  800.000000 -0.450979E+00  0.737000E-01   0.000  1  CBELSA_2012_THIEL_PR
  833.000000 -0.586611E+00  0.879000E-01   0.000  1  CBELSA_2012_THIEL_PR
  867.000000 -0.410564E+00  0.849000E-01   0.000  1  CBELSA_2012_THIEL_PR
  900.000000 -0.378406E+00  0.928000E-01   0.000  1  CBELSA_2012_THIEL_PR
  933.000000 -0.304587E+00  0.121100E+00   0.000  1  CBELSA_2012_THIEL_PR
  967.000000 -0.170760E+00  0.109900E+00   0.000  1  CBELSA_2012_THIEL_PR
 1000.000000 -0.285534E+00  0.907000E-01   0.000  1  CBELSA_2012_THIEL_PR
 1033.000000 -0.313878E+00  0.807000E-01   0.000  1  CBELSA_2012_THIEL_PR
 1067.000000 -0.355807E+00  0.745000E-01   0.000  1  CBELSA_2012_THIEL_PR
 1100.000000 -0.299678E+00  0.888000E-01   0.000  1  CBELSA_2012_THIEL_PR
 1150.000000 -0.466999E+00  0.110500E+00   0.000  1  CBELSA_2012_THIEL_PR
 1200.000000 -0.383999E+00  0.122500E+00   0.000  1  CBELSA_2012_THIEL_PR
 1250.000000 -0.749997E-01  0.127400E+00   0.000  1  CBELSA_2012_THIEL_PR
 1300.000000 -0.138000E+00  0.163200E+00   0.000  1  CBELSA_2012_THIEL_PR
    0.5830   19  633.000 1300.000
  633.000000 -0.105710E+00  0.154700E+00   0.000  1  CBELSA_2012_THIEL_PR
  667.000000 -0.147063E+00  0.120900E+00   0.000  1  CBELSA_2012_THIEL_PR
  700.000000 -0.329404E-01  0.104600E+00   0.000  1  CBELSA_2012_THIEL_PR
  733.000000 -0.747808E-01  0.764000E-01   0.000  1  CBELSA_2012_THIEL_PR
  767.000000 -0.227082E+00  0.832000E-01   0.000  1  CBELSA_2012_THIEL_PR
  800.000000 -0.299568E+00  0.756000E-01   0.000  1  CBELSA_2012_THIEL_PR
  833.000000 -0.271119E+00  0.977000E-01   0.000  1  CBELSA_2012_THIEL_PR
  867.000000 -0.270680E+00  0.971000E-01   0.000  1  CBELSA_2012_THIEL_PR
  900.000000 -0.113380E+00  0.962000E-01   0.000  1  CBELSA_2012_THIEL_PR
  933.000000 -0.295775E-02  0.135100E+00   0.000  1  CBELSA_2012_THIEL_PR
  967.000000 -0.376018E-01  0.112300E+00   0.000  1  CBELSA_2012_THIEL_PR
 1000.000000  0.111539E+00  0.882000E-01   0.000  1  CBELSA_2012_THIEL_PR
 1033.000000 -0.418025E-01  0.857000E-01   0.000  1  CBELSA_2012_THIEL_PR
 1067.000000 -0.177931E+00  0.746000E-01   0.000  1  CBELSA_2012_THIEL_PR
 1100.000000 -0.128461E+00  0.964000E-01   0.000  1  CBELSA_2012_THIEL_PR
 1150.000000  0.199793E-02  0.128000E+00   0.000  1  CBELSA_2012_THIEL_PR
 1200.000000 -0.380028E-01  0.147600E+00   0.000  1  CBELSA_2012_THIEL_PR
 1250.000000  0.338998E+00  0.144900E+00   0.000  1  CBELSA_2012_THIEL_PR
 1300.000000  0.819985E-01  0.145400E+00   0.000  1  CBELSA_2012_THIEL_PR
    0.7500   19  633.000 1300.000
  633.000000 -0.112371E+00  0.213000E+00   0.000  1  CBELSA_2012_THIEL_PR
  667.000000 -0.119569E+00  0.168600E+00   0.000  1  CBELSA_2012_THIEL_PR
  700.000000 -0.990123E-01  0.181700E+00   0.000  1  CBELSA_2012_THIEL_PR
  733.000000 -0.947823E-02  0.972000E-01   0.000  1  CBELSA_2012_THIEL_PR
  767.000000 -0.162545E+00  0.119600E+00   0.000  1  CBELSA_2012_THIEL_PR
  800.000000 -0.133726E+00  0.106100E+00   0.000  1  CBELSA_2012_THIEL_PR
  833.000000 -0.177799E+00  0.123900E+00   0.000  1  CBELSA_2012_THIEL_PR
  867.000000  0.701647E-01  0.135500E+00   0.000  1  CBELSA_2012_THIEL_PR
  900.000000  0.261024E+00  0.145400E+00   0.000  1  CBELSA_2012_THIEL_PR
  933.000000  0.314935E+00  0.176300E+00   0.000  1  CBELSA_2012_THIEL_PR
  967.000000  0.340205E+00  0.119400E+00   0.000  1  CBELSA_2012_THIEL_PR
 1000.000000  0.145599E-01  0.865000E-01   0.000  1  CBELSA_2012_THIEL_PR
 1033.000000 -0.361003E-01  0.904000E-01   0.000  1  CBELSA_2012_THIEL_PR
 1067.000000 -0.137006E+00  0.847000E-01   0.000  1  CBELSA_2012_THIEL_PR
 1100.000000 -0.218240E+00  0.976000E-01   0.000  1  CBELSA_2012_THIEL_PR
 1150.000000 -0.377997E+00  0.178400E+00   0.000  1  CBELSA_2012_THIEL_PR
 1200.000000 -0.609978E-01  0.156200E+00   0.000  1  CBELSA_2012_THIEL_PR
 1250.000000 -0.329985E-01  0.128800E+00   0.000  1  CBELSA_2012_THIEL_PR
 1300.000000 -0.839993E-01  0.112300E+00   0.000  1  CBELSA_2012_THIEL_PR
    0.8330   19  633.000 1300.000
  633.000000 -0.162998E+00  0.229300E+00   0.000  1  CBELSA_2012_THIEL_PR
  667.000000 -0.288996E+00  0.228600E+00   0.000  1  CBELSA_2012_THIEL_PR
  700.000000  0.102998E+00  0.178700E+00   0.000  1  CBELSA_2012_THIEL_PR
  733.000000  0.114998E+00  0.107800E+00   0.000  1  CBELSA_2012_THIEL_PR
  767.000000 -0.610020E-01  0.140500E+00   0.000  1  CBELSA_2012_THIEL_PR
  800.000000 -0.301998E+00  0.116100E+00   0.000  1  CBELSA_2012_THIEL_PR
  833.000000  0.157997E+00  0.139300E+00   0.000  1  CBELSA_2012_THIEL_PR
  867.000000  0.840011E-01  0.136500E+00   0.000  1  CBELSA_2012_THIEL_PR
  900.000000  0.476997E+00  0.144100E+00   0.000  1  CBELSA_2012_THIEL_PR
  933.000000  0.200035E-01  0.205000E+00   0.000  1  CBELSA_2012_THIEL_PR
  967.000000  0.640008E-01  0.102000E+00   0.000  1  CBELSA_2012_THIEL_PR
 1000.000000  0.108999E+00  0.828000E-01   0.000  1  CBELSA_2012_THIEL_PR
 1033.000000 -0.569994E-01  0.766000E-01   0.000  1  CBELSA_2012_THIEL_PR
 1067.000000 -0.101000E+00  0.918000E-01   0.000  1  CBELSA_2012_THIEL_PR
 1100.000000 -0.219000E+00  0.952000E-01   0.000  1  CBELSA_2012_THIEL_PR
 1150.000000 -0.435242E+00  0.178400E+00   0.000  1  CBELSA_2012_THIEL_PR
 1200.000000 -0.101069E-01  0.156200E+00   0.000  1  CBELSA_2012_THIEL_PR
 1250.000000 -0.343169E-01  0.128800E+00   0.000  1  CBELSA_2012_THIEL_PR
 1300.000000 -0.120795E+00  0.112300E+00   0.000  1  CBELSA_2012_THIEL_PR
    0.9170   19  633.000 1300.000
  633.000000 -0.212968E-02  0.229300E+00   0.000  1  CBELSA_2012_THIEL_PR
  667.000000 -0.213775E-03  0.228600E+00   0.000  1  CBELSA_2012_THIEL_PR
  700.000000  0.241126E-01  0.178700E+00   0.000  1  CBELSA_2012_THIEL_PR
  733.000000  0.175361E-02  0.107800E+00   0.000  1  CBELSA_2012_THIEL_PR
  767.000000 -0.148183E+00  0.140500E+00   0.000  1  CBELSA_2012_THIEL_PR
  800.000000 -0.131911E+00  0.116100E+00   0.000  1  CBELSA_2012_THIEL_PR
  833.000000  0.148711E+00  0.139300E+00   0.000  1  CBELSA_2012_THIEL_PR
  867.000000  0.191433E+00  0.136500E+00   0.000  1  CBELSA_2012_THIEL_PR
  900.000000  0.321802E+00  0.144100E+00   0.000  1  CBELSA_2012_THIEL_PR
  933.000000  0.189135E+00  0.205000E+00   0.000  1  CBELSA_2012_THIEL_PR
  967.000000 -0.546259E-01  0.102000E+00   0.000  1  CBELSA_2012_THIEL_PR
 1000.000000  0.125632E+00  0.828000E-01   0.000  1  CBELSA_2012_THIEL_PR
 1033.000000  0.899209E-01  0.766000E-01   0.000  1  CBELSA_2012_THIEL_PR
 1067.000000 -0.118758E+00  0.918000E-01   0.000  1  CBELSA_2012_THIEL_PR
 1100.000000 -0.125713E+00  0.952000E-01   0.000  1  CBELSA_2012_THIEL_PR
 1150.000000 -0.356001E+00  0.173700E+00   0.000  1  CBELSA_2012_THIEL_PR
 1200.000000  0.100999E+00  0.149000E+00   0.000  1  CBELSA_2012_THIEL_PR
 1250.000000  0.108000E+00  0.112900E+00   0.000  1  CBELSA_2012_THIEL_PR
 1300.000000 -0.110000E+00  0.934000E-01   0.000  1  CBELSA_2012_THIEL_PR
    0.9440   15  633.000 1100.000
  633.000000  0.779990E-01  0.245500E+00   0.000  1  CBELSA_2012_THIEL_PR
  667.000000  0.152999E+00  0.196800E+00   0.000  1  CBELSA_2012_THIEL_PR
  700.000000 -0.439991E-01  0.223000E+00   0.000  1  CBELSA_2012_THIEL_PR
  733.000000 -0.659988E-01  0.124400E+00   0.000  1  CBELSA_2012_THIEL_PR
  767.000000 -0.201999E+00  0.184100E+00   0.000  1  CBELSA_2012_THIEL_PR
  800.000000 -0.300011E-01  0.133800E+00   0.000  1  CBELSA_2012_THIEL_PR
  833.000000  0.960010E-01  0.145900E+00   0.000  1  CBELSA_2012_THIEL_PR
  867.000000  0.242000E+00  0.152100E+00   0.000  1  CBELSA_2012_THIEL_PR
  900.000000  0.225004E+00  0.243300E+00   0.000  1  CBELSA_2012_THIEL_PR
  933.000000  0.311996E+00  0.396900E+00   0.000  1  CBELSA_2012_THIEL_PR
  967.000000 -0.610003E-01  0.122000E+00   0.000  1  CBELSA_2012_THIEL_PR
 1000.000000  0.117000E+00  0.102100E+00   0.000  1  CBELSA_2012_THIEL_PR
 1033.000000  0.158000E+00  0.891000E-01   0.000  1  CBELSA_2012_THIEL_PR
 1067.000000 -0.131000E+00  0.120800E+00   0.000  1  CBELSA_2012_THIEL_PR
 1100.000000 -0.860001E-01  0.123000E+00   0.000  1  CBELSA_2012_THIEL_PR