   12
   -0.920000   40
  230.000000  0.660616E+00  0.593290E-01   0.000  1   CBMAMI_2015_LINTURI
  250.000000  0.533692E+00  0.484390E-01   0.000  1   CBMAMI_2015_LINTURI
  260.000000  0.511666E+00  0.484390E-01   0.000  1   CBMAMI_2015_LINTURI
  280.000000  0.531973E+00  0.393990E-01   0.000  1   CBMAMI_2015_LINTURI
  290.000000  0.535008E+00  0.393990E-01   0.000  1   CBMAMI_2015_LINTURI
  310.000000  0.514818E+00  0.682300E-01   0.000  1   CBMAMI_2015_LINTURI
  320.000000  0.521361E+00  0.682300E-01   0.000  1   CBMAMI_2015_LINTURI
  320.000000  0.521361E+00  0.682300E-01   0.000  1   CBMAMI_2015_LINTURI
  340.000000  0.572984E+00  0.708060E-01   0.000  1   CBMAMI_2015_LINTURI
  350.000000  0.591950E+00  0.708060E-01   0.000  1   CBMAMI_2015_LINTURI
  370.000000  0.571688E+00  0.951900E-01   0.000  1   CBMAMI_2015_LINTURI
  380.000000  0.524332E+00  0.951900E-01   0.000  1   CBMAMI_2015_LINTURI
  400.000000  0.424426E+00  0.513820E-01   0.000  1   CBMAMI_2015_LINTURI
  410.000000  0.433397E+00  0.513820E-01   0.000  1   CBMAMI_2015_LINTURI
  430.000000  0.510423E+00  0.618990E-01   0.000  1   CBMAMI_2015_LINTURI
  440.000000  0.471729E+00  0.618990E-01   0.000  1   CBMAMI_2015_LINTURI
  460.000000  0.266693E+00  0.994470E-01   0.000  1   CBMAMI_2015_LINTURI
  470.000000  0.227749E+00  0.994470E-01   0.000  1   CBMAMI_2015_LINTURI
  490.000000  0.297597E+00  0.754610E-01   0.000  1   CBMAMI_2015_LINTURI
  500.000000  0.295281E+00  0.754610E-01   0.000  1   CBMAMI_2015_LINTURI
  520.000000  0.209173E+00  0.684860E-01   0.000  1   CBMAMI_2015_LINTURI
  530.000000  0.231498E+00  0.684860E-01   0.000  1   CBMAMI_2015_LINTURI
  550.000000  0.445149E+00  0.513100E-01   0.000  1   CBMAMI_2015_LINTURI
  560.000000  0.559263E+00  0.513100E-01   0.000  1   CBMAMI_2015_LINTURI
  580.000000  0.682567E+00  0.655630E-01   0.000  1   CBMAMI_2015_LINTURI
  590.000000  0.676407E+00  0.655630E-01   0.000  1   CBMAMI_2015_LINTURI
  610.000000  0.615498E+00  0.597600E-01   0.000  1   CBMAMI_2015_LINTURI
  620.000000  0.643269E+00  0.597600E-01   0.000  1   CBMAMI_2015_LINTURI
  640.000000  0.813600E+00  0.503310E-01   0.000  1   CBMAMI_2015_LINTURI
  650.000000  0.872547E+00  0.503310E-01   0.000  1   CBMAMI_2015_LINTURI
  670.000000  0.876161E+00  0.234430E-01   0.000  1   CBMAMI_2015_LINTURI
  680.000000  0.856342E+00  0.234430E-01   0.000  1   CBMAMI_2015_LINTURI
  700.000000  0.816482E+00  0.210390E-01   0.000  1   CBMAMI_2015_LINTURI
  710.000000  0.794084E+00  0.210390E-01   0.000  1   CBMAMI_2015_LINTURI
  730.000000  0.740123E+00  0.404900E-01   0.000  1   CBMAMI_2015_LINTURI
  740.000000  0.707966E+00  0.404900E-01   0.000  1   CBMAMI_2015_LINTURI
  760.000000  0.633643E+00  0.509400E-01   0.000  1   CBMAMI_2015_LINTURI
  770.000000  0.592438E+00  0.509400E-01   0.000  1   CBMAMI_2015_LINTURI
  790.000000  0.518644E+00  0.533500E-01   0.000  1   CBMAMI_2015_LINTURI
  800.000000  0.498059E+00  0.533500E-01   0.000  1   CBMAMI_2015_LINTURI
  820.000000  0.475520E+00  0.933600E-01   0.000  1   CBMAMI_2015_LINTURI
  830.000000  0.450692E+00  0.933600E-01   0.000  1   CBMAMI_2015_LINTURI
  850.000000  0.368909E+00  0.886290E-01   0.000  1   CBMAMI_2015_LINTURI
  860.000000  0.330897E+00  0.886290E-01   0.000  1   CBMAMI_2015_LINTURI
  880.000000  0.274493E+00  0.978060E-01   0.000  1   CBMAMI_2015_LINTURI
  890.000000  0.247996E+00  0.978060E-01   0.000  1   CBMAMI_2015_LINTURI
  910.000000  0.201472E+00  0.418640E-01   0.000  1   CBMAMI_2015_LINTURI
  920.000000  0.191895E+00  0.418640E-01   0.000  1   CBMAMI_2015_LINTURI
  940.000000  0.180641E+00  0.165590E+00   0.000  1   CBMAMI_2015_LINTURI
  950.000000  0.153338E+00  0.165590E+00   0.000  1   CBMAMI_2015_LINTURI
  970.000000  0.621386E-01  0.893200E-01   0.000  1   CBMAMI_2015_LINTURI
  980.000000  0.292913E-01  0.893200E-01   0.000  1   CBMAMI_2015_LINTURI
 1000.000000  0.241779E-01  0.180055E+00   0.000  1   CBMAMI_2015_LINTURI
 1010.000000  0.481910E-01  0.180055E+00   0.000  1   CBMAMI_2015_LINTURI
 1030.000000  0.124784E+00  0.193259E+00   0.000  1   CBMAMI_2015_LINTURI
 1040.000000  0.162137E+00  0.193259E+00   0.000  1   CBMAMI_2015_LINTURI
 1060.000000  0.235910E+00  0.192163E+00   0.000  1   CBMAMI_2015_LINTURI
 1070.000000  0.287915E+00  0.192163E+00   0.000  1   CBMAMI_2015_LINTURI
 1090.000000  0.399583E+00  0.253179E+00   0.000  1   CBMAMI_2015_LINTURI
 1100.000000  0.425889E+00  0.253179E+00   0.000  1   CBMAMI_2015_LINTURI
 1120.000000  0.408133E+00  0.167872E+00   0.000  1   CBMAMI_2015_LINTURI
 1130.000000  0.388686E+00  0.167872E+00   0.000  1   CBMAMI_2015_LINTURI
 1150.000000  0.365836E+00  0.260270E+00   0.000  1   CBMAMI_2015_LINTURI
 1160.000000  0.366608E+00  0.260270E+00   0.000  1   CBMAMI_2015_LINTURI
 1180.000000  0.363780E+00  0.328736E+00   0.000  1   CBMAMI_2015_LINTURI
 1190.000000  0.334282E+00  0.328736E+00   0.000  1   CBMAMI_2015_LINTURI
 1210.000000  0.279631E+00  0.158688E+00   0.000  1   CBMAMI_2015_LINTURI
 1220.000000  0.326903E+00  0.158688E+00   0.000  1   CBMAMI_2015_LINTURI
 1240.000000  0.494459E+00  0.202009E+00   0.000  1   CBMAMI_2015_LINTURI
 1250.000000  0.483326E+00  0.202009E+00   0.000  1   CBMAMI_2015_LINTURI
 1270.000000  0.293313E+00  0.305089E+00   0.000  1   CBMAMI_2015_LINTURI
 1280.000000  0.262709E+00  0.305089E+00   0.000  1   CBMAMI_2015_LINTURI
 1300.000000  0.355188E+00  0.201081E+00   0.000  1   CBMAMI_2015_LINTURI
 1310.000000  0.349045E+00  0.201081E+00   0.000  1   CBMAMI_2015_LINTURI
 1330.000000  0.157186E+00  0.316060E+00   0.000  1   CBMAMI_2015_LINTURI
 1340.000000  0.435278E-01  0.316060E+00   0.000  1   CBMAMI_2015_LINTURI
 1360.000000 -0.725643E-01  0.273897E+00   0.000  1   CBMAMI_2015_LINTURI
 1370.000000 -0.329123E-01  0.273897E+00   0.000  1   CBMAMI_2015_LINTURI
 1390.000000  0.225563E+00  0.157981E+00   0.000  1   CBMAMI_2015_LINTURI
   -0.750000   40
  230.000000  0.400129E+00  0.559640E-01   0.000  1   CBMAMI_2015_LINTURI
  250.000000  0.171270E+00  0.404490E-01   0.000  1   CBMAMI_2015_LINTURI
  260.000000  0.916451E-01  0.404490E-01   0.000  1   CBMAMI_2015_LINTURI
  280.000000  0.135038E-01  0.698840E-01   0.000  1   CBMAMI_2015_LINTURI
  290.000000  0.287183E-02  0.698840E-01   0.000  1   CBMAMI_2015_LINTURI
  310.000000  0.358279E-02  0.857020E-01   0.000  1   CBMAMI_2015_LINTURI
  320.000000 -0.339187E-03  0.857020E-01   0.000  1   CBMAMI_2015_LINTURI
  320.000000 -0.339187E-03  0.857020E-01   0.000  1   CBMAMI_2015_LINTURI
  340.000000 -0.330610E-01  0.980980E-01   0.000  1   CBMAMI_2015_LINTURI
  350.000000 -0.595373E-01  0.980980E-01   0.000  1   CBMAMI_2015_LINTURI
  370.000000 -0.116424E+00  0.665260E-01   0.000  1   CBMAMI_2015_LINTURI
  380.000000 -0.136500E+00  0.665260E-01   0.000  1   CBMAMI_2015_LINTURI
  400.000000 -0.156416E+00  0.603340E-01   0.000  1   CBMAMI_2015_LINTURI
  410.000000 -0.163913E+00  0.603340E-01   0.000  1   CBMAMI_2015_LINTURI
  430.000000 -0.197710E+00  0.151270E-01   0.000  1   CBMAMI_2015_LINTURI
  440.000000 -0.234600E+00  0.151270E-01   0.000  1   CBMAMI_2015_LINTURI
  460.000000 -0.311149E+00  0.575580E-01   0.000  1   CBMAMI_2015_LINTURI
  470.000000 -0.311439E+00  0.575580E-01   0.000  1   CBMAMI_2015_LINTURI
  490.000000 -0.256800E+00  0.774950E-01   0.000  1   CBMAMI_2015_LINTURI
  500.000000 -0.256951E+00  0.774950E-01   0.000  1   CBMAMI_2015_LINTURI
  520.000000 -0.283880E+00  0.154700E-01   0.000  1   CBMAMI_2015_LINTURI
  530.000000 -0.233471E+00  0.154700E-01   0.000  1   CBMAMI_2015_LINTURI
  550.000000  0.730521E-02  0.352510E-01   0.000  1   CBMAMI_2015_LINTURI
  560.000000  0.129664E+00  0.352510E-01   0.000  1   CBMAMI_2015_LINTURI
  580.000000  0.303100E+00  0.256690E-01   0.000  1   CBMAMI_2015_LINTURI
  590.000000  0.363577E+00  0.256690E-01   0.000  1   CBMAMI_2015_LINTURI
  610.000000  0.457865E+00  0.389540E-01   0.000  1   CBMAMI_2015_LINTURI
  620.000000  0.501870E+00  0.389540E-01   0.000  1   CBMAMI_2015_LINTURI
  640.000000  0.583882E+00  0.809730E-01   0.000  1   CBMAMI_2015_LINTURI
  650.000000  0.612014E+00  0.809730E-01   0.000  1   CBMAMI_2015_LINTURI
  670.000000  0.628488E+00  0.913580E-01   0.000  1   CBMAMI_2015_LINTURI
  680.000000  0.615852E+00  0.913580E-01   0.000  1   CBMAMI_2015_LINTURI
  700.000000  0.565933E+00  0.432100E-01   0.000  1   CBMAMI_2015_LINTURI
  710.000000  0.542822E+00  0.432100E-01   0.000  1   CBMAMI_2015_LINTURI
  730.000000  0.490498E+00  0.761220E-01   0.000  1   CBMAMI_2015_LINTURI
  740.000000  0.439749E+00  0.761220E-01   0.000  1   CBMAMI_2015_LINTURI
  760.000000  0.309650E+00  0.487930E-01   0.000  1   CBMAMI_2015_LINTURI
  770.000000  0.268010E+00  0.487930E-01   0.000  1   CBMAMI_2015_LINTURI
  790.000000  0.248098E+00  0.491750E-01   0.000  1   CBMAMI_2015_LINTURI
  800.000000  0.244890E+00  0.491750E-01   0.000  1   CBMAMI_2015_LINTURI
  820.000000  0.208336E+00  0.983280E-01   0.000  1   CBMAMI_2015_LINTURI
  830.000000  0.165929E+00  0.983280E-01   0.000  1   CBMAMI_2015_LINTURI
  850.000000  0.381905E-01  0.756300E-01   0.000  1   CBMAMI_2015_LINTURI
  860.000000 -0.339349E-01  0.756300E-01   0.000  1   CBMAMI_2015_LINTURI
  880.000000 -0.155351E+00  0.954200E-01   0.000  1   CBMAMI_2015_LINTURI
  890.000000 -0.187254E+00  0.954200E-01   0.000  1   CBMAMI_2015_LINTURI
  910.000000 -0.226242E+00  0.336420E-01   0.000  1   CBMAMI_2015_LINTURI
  920.000000 -0.275973E+00  0.336420E-01   0.000  1   CBMAMI_2015_LINTURI
  940.000000 -0.424048E+00  0.358800E-01   0.000  1   CBMAMI_2015_LINTURI
  950.000000 -0.470469E+00  0.358800E-01   0.000  1   CBMAMI_2015_LINTURI
  970.000000 -0.477250E+00  0.914900E-01   0.000  1   CBMAMI_2015_LINTURI
  980.000000 -0.465718E+00  0.914900E-01   0.000  1   CBMAMI_2015_LINTURI
 1000.000000 -0.464733E+00  0.155099E+00   0.000  1   CBMAMI_2015_LINTURI
 1010.000000 -0.487202E+00  0.155099E+00   0.000  1   CBMAMI_2015_LINTURI
 1030.000000 -0.531798E+00  0.762520E-01   0.000  1   CBMAMI_2015_LINTURI
 1040.000000 -0.506420E+00  0.762520E-01   0.000  1   CBMAMI_2015_LINTURI
 1060.000000 -0.387620E+00  0.895290E-01   0.000  1   CBMAMI_2015_LINTURI
 1070.000000 -0.362681E+00  0.895290E-01   0.000  1   CBMAMI_2015_LINTURI
 1090.000000 -0.378772E+00  0.109967E+00   0.000  1   CBMAMI_2015_LINTURI
 1100.000000 -0.349112E+00  0.109967E+00   0.000  1   CBMAMI_2015_LINTURI
 1120.000000 -0.200429E+00  0.510780E-01   0.000  1   CBMAMI_2015_LINTURI
 1130.000000 -0.141715E+00  0.510780E-01   0.000  1   CBMAMI_2015_LINTURI
 1150.000000 -0.124715E+00  0.181530E+00   0.000  1   CBMAMI_2015_LINTURI
 1160.000000 -0.159838E+00  0.181530E+00   0.000  1   CBMAMI_2015_LINTURI
 1180.000000 -0.275629E+00  0.113277E+00   0.000  1   CBMAMI_2015_LINTURI
 1190.000000 -0.330307E+00  0.113277E+00   0.000  1   CBMAMI_2015_LINTURI
 1210.000000 -0.374518E+00  0.178746E+00   0.000  1   CBMAMI_2015_LINTURI
 1220.000000 -0.344114E+00  0.178746E+00   0.000  1   CBMAMI_2015_LINTURI
 1240.000000 -0.227805E+00  0.161945E+00   0.000  1   CBMAMI_2015_LINTURI
 1250.000000 -0.200131E+00  0.161945E+00   0.000  1   CBMAMI_2015_LINTURI
 1270.000000 -0.204844E+00  0.194659E+00   0.000  1   CBMAMI_2015_LINTURI
 1280.000000 -0.178884E+00  0.194659E+00   0.000  1   CBMAMI_2015_LINTURI
 1300.000000 -0.910617E-01  0.216510E+00   0.000  1   CBMAMI_2015_LINTURI
 1310.000000 -0.103621E+00  0.216510E+00   0.000  1   CBMAMI_2015_LINTURI
 1330.000000 -0.222745E+00  0.271160E+00   0.000  1   CBMAMI_2015_LINTURI
 1340.000000 -0.239999E+00  0.271160E+00   0.000  1   CBMAMI_2015_LINTURI
 1360.000000 -0.162246E+00  0.203701E+00   0.000  1   CBMAMI_2015_LINTURI
 1370.000000 -0.135208E+00  0.203701E+00   0.000  1   CBMAMI_2015_LINTURI
 1390.000000 -0.161477E+00  0.268723E+00   0.000  1   CBMAMI_2015_LINTURI
   -0.580000   40
  230.000000  0.315881E-01  0.393023E+00   0.000  1   CBMAMI_2015_LINTURI
  250.000000 -0.210089E+00  0.455390E-01   0.000  1   CBMAMI_2015_LINTURI
  260.000000 -0.295700E+00  0.455390E-01   0.000  1   CBMAMI_2015_LINTURI
  280.000000 -0.390263E+00  0.196150E-01   0.000  1   CBMAMI_2015_LINTURI
  290.000000 -0.415532E+00  0.196150E-01   0.000  1   CBMAMI_2015_LINTURI
  310.000000 -0.435199E+00  0.163280E-01   0.000  1   CBMAMI_2015_LINTURI
  320.000000 -0.423840E+00  0.163280E-01   0.000  1   CBMAMI_2015_LINTURI
  320.000000 -0.423840E+00  0.163280E-01   0.000  1   CBMAMI_2015_LINTURI
  340.000000 -0.395260E+00  0.224210E-01   0.000  1   CBMAMI_2015_LINTURI
  350.000000 -0.412378E+00  0.224210E-01   0.000  1   CBMAMI_2015_LINTURI
  370.000000 -0.492995E+00  0.241380E-01   0.000  1   CBMAMI_2015_LINTURI
  380.000000 -0.509434E+00  0.241380E-01   0.000  1   CBMAMI_2015_LINTURI
  400.000000 -0.476804E+00  0.305330E-01   0.000  1   CBMAMI_2015_LINTURI
  410.000000 -0.460984E+00  0.305330E-01   0.000  1   CBMAMI_2015_LINTURI
  430.000000 -0.460173E+00  0.341210E-01   0.000  1   CBMAMI_2015_LINTURI
  440.000000 -0.464995E+00  0.341210E-01   0.000  1   CBMAMI_2015_LINTURI
  460.000000 -0.465833E+00  0.515590E-01   0.000  1   CBMAMI_2015_LINTURI
  470.000000 -0.457283E+00  0.515590E-01   0.000  1   CBMAMI_2015_LINTURI
  490.000000 -0.432615E+00  0.530800E-01   0.000  1   CBMAMI_2015_LINTURI
  500.000000 -0.428753E+00  0.530800E-01   0.000  1   CBMAMI_2015_LINTURI
  520.000000 -0.405512E+00  0.997870E-01   0.000  1   CBMAMI_2015_LINTURI
  530.000000 -0.348587E+00  0.997870E-01   0.000  1   CBMAMI_2015_LINTURI
  550.000000 -0.150587E+00  0.501470E-01   0.000  1   CBMAMI_2015_LINTURI
  560.000000 -0.521871E-01  0.501470E-01   0.000  1   CBMAMI_2015_LINTURI
  580.000000  0.102410E+00  0.738070E-01   0.000  1   CBMAMI_2015_LINTURI
  590.000000  0.169103E+00  0.738070E-01   0.000  1   CBMAMI_2015_LINTURI
  610.000000  0.280575E+00  0.214340E-01   0.000  1   CBMAMI_2015_LINTURI
  620.000000  0.313965E+00  0.214340E-01   0.000  1   CBMAMI_2015_LINTURI
  640.000000  0.336031E+00  0.715230E-01   0.000  1   CBMAMI_2015_LINTURI
  650.000000  0.336292E+00  0.715230E-01   0.000  1   CBMAMI_2015_LINTURI
  670.000000  0.342180E+00  0.560780E-01   0.000  1   CBMAMI_2015_LINTURI
  680.000000  0.357137E+00  0.560780E-01   0.000  1   CBMAMI_2015_LINTURI
  700.000000  0.392049E+00  0.537420E-01   0.000  1   CBMAMI_2015_LINTURI
  710.000000  0.387846E+00  0.537420E-01   0.000  1   CBMAMI_2015_LINTURI
  730.000000  0.318530E+00  0.278630E-01   0.000  1   CBMAMI_2015_LINTURI
  740.000000  0.263934E+00  0.278630E-01   0.000  1   CBMAMI_2015_LINTURI
  760.000000  0.151143E+00  0.882300E-02   0.000  1   CBMAMI_2015_LINTURI
  770.000000  0.110751E+00  0.882300E-02   0.000  1   CBMAMI_2015_LINTURI
  790.000000  0.681656E-01  0.362500E-01   0.000  1   CBMAMI_2015_LINTURI
  800.000000  0.530429E-01  0.362500E-01   0.000  1   CBMAMI_2015_LINTURI
  820.000000  0.182432E-02  0.543050E-01   0.000  1   CBMAMI_2015_LINTURI
  830.000000 -0.472510E-01  0.543050E-01   0.000  1   CBMAMI_2015_LINTURI
  850.000000 -0.176001E+00  0.507640E-01   0.000  1   CBMAMI_2015_LINTURI
  860.000000 -0.230106E+00  0.507640E-01   0.000  1   CBMAMI_2015_LINTURI
  880.000000 -0.308836E+00  0.420410E-01   0.000  1   CBMAMI_2015_LINTURI
  890.000000 -0.351937E+00  0.420410E-01   0.000  1   CBMAMI_2015_LINTURI
  910.000000 -0.451056E+00  0.530410E-01   0.000  1   CBMAMI_2015_LINTURI
  920.000000 -0.492684E+00  0.530410E-01   0.000  1   CBMAMI_2015_LINTURI
  940.000000 -0.548032E+00  0.672670E-01   0.000  1   CBMAMI_2015_LINTURI
  950.000000 -0.566843E+00  0.672670E-01   0.000  1   CBMAMI_2015_LINTURI
  970.000000 -0.597600E+00  0.622980E-01   0.000  1   CBMAMI_2015_LINTURI
  980.000000 -0.612834E+00  0.622980E-01   0.000  1   CBMAMI_2015_LINTURI
 1000.000000 -0.639688E+00  0.580920E-01   0.000  1   CBMAMI_2015_LINTURI
 1010.000000 -0.645527E+00  0.580920E-01   0.000  1   CBMAMI_2015_LINTURI
 1030.000000 -0.644549E+00  0.519300E-01   0.000  1   CBMAMI_2015_LINTURI
 1040.000000 -0.645444E+00  0.519300E-01   0.000  1   CBMAMI_2015_LINTURI
 1060.000000 -0.648008E+00  0.630410E-01   0.000  1   CBMAMI_2015_LINTURI
 1070.000000 -0.640537E+00  0.630410E-01   0.000  1   CBMAMI_2015_LINTURI
 1090.000000 -0.621482E+00  0.838320E-01   0.000  1   CBMAMI_2015_LINTURI
 1100.000000 -0.629253E+00  0.838320E-01   0.000  1   CBMAMI_2015_LINTURI
 1120.000000 -0.648415E+00  0.107099E+00   0.000  1   CBMAMI_2015_LINTURI
 1130.000000 -0.616543E+00  0.107099E+00   0.000  1   CBMAMI_2015_LINTURI
 1150.000000 -0.499598E+00  0.127534E+00   0.000  1   CBMAMI_2015_LINTURI
 1160.000000 -0.481000E+00  0.127534E+00   0.000  1   CBMAMI_2015_LINTURI
 1180.000000 -0.547727E+00  0.108013E+00   0.000  1   CBMAMI_2015_LINTURI
 1190.000000 -0.585225E+00  0.108013E+00   0.000  1   CBMAMI_2015_LINTURI
 1210.000000 -0.604152E+00  0.991430E-01   0.000  1   CBMAMI_2015_LINTURI
 1220.000000 -0.583529E+00  0.991430E-01   0.000  1   CBMAMI_2015_LINTURI
 1240.000000 -0.519785E+00  0.978240E-01   0.000  1   CBMAMI_2015_LINTURI
 1250.000000 -0.507770E+00  0.978240E-01   0.000  1   CBMAMI_2015_LINTURI
 1270.000000 -0.532166E+00  0.149028E+00   0.000  1   CBMAMI_2015_LINTURI
 1280.000000 -0.544251E+00  0.149028E+00   0.000  1   CBMAMI_2015_LINTURI
 1300.000000 -0.524838E+00  0.202114E+00   0.000  1   CBMAMI_2015_LINTURI
 1310.000000 -0.484017E+00  0.202114E+00   0.000  1   CBMAMI_2015_LINTURI
 1330.000000 -0.368972E+00  0.254442E+00   0.000  1   CBMAMI_2015_LINTURI
 1340.000000 -0.326221E+00  0.254442E+00   0.000  1   CBMAMI_2015_LINTURI
 1360.000000 -0.261920E+00  0.217353E+00   0.000  1   CBMAMI_2015_LINTURI
 1370.000000 -0.202436E+00  0.217353E+00   0.000  1   CBMAMI_2015_LINTURI
 1390.000000 -0.883830E-02  0.244490E+00   0.000  1   CBMAMI_2015_LINTURI
   -0.416700   40
  230.000000 -0.441708E+00  0.912040E-01   0.000  1   CBMAMI_2015_LINTURI
  250.000000 -0.599406E+00  0.180830E-01   0.000  1   CBMAMI_2015_LINTURI
  260.000000 -0.618675E+00  0.180830E-01   0.000  1   CBMAMI_2015_LINTURI
  280.000000 -0.573892E+00  0.138790E-01   0.000  1   CBMAMI_2015_LINTURI
  290.000000 -0.573570E+00  0.138790E-01   0.000  1   CBMAMI_2015_LINTURI
  310.000000 -0.638467E+00  0.115030E-01   0.000  1   CBMAMI_2015_LINTURI
  320.000000 -0.656808E+00  0.115030E-01   0.000  1   CBMAMI_2015_LINTURI
  320.000000 -0.656808E+00  0.115030E-01   0.000  1   CBMAMI_2015_LINTURI
  340.000000 -0.639136E+00  0.130730E-01   0.000  1   CBMAMI_2015_LINTURI
  350.000000 -0.629876E+00  0.130730E-01   0.000  1   CBMAMI_2015_LINTURI
  370.000000 -0.631153E+00  0.164110E-01   0.000  1   CBMAMI_2015_LINTURI
  380.000000 -0.630826E+00  0.164110E-01   0.000  1   CBMAMI_2015_LINTURI
  400.000000 -0.620730E+00  0.191460E-01   0.000  1   CBMAMI_2015_LINTURI
  410.000000 -0.616135E+00  0.191460E-01   0.000  1   CBMAMI_2015_LINTURI
  430.000000 -0.610971E+00  0.188590E-01   0.000  1   CBMAMI_2015_LINTURI
  440.000000 -0.607599E+00  0.188590E-01   0.000  1   CBMAMI_2015_LINTURI
  460.000000 -0.597730E+00  0.250080E-01   0.000  1   CBMAMI_2015_LINTURI
  470.000000 -0.592757E+00  0.250080E-01   0.000  1   CBMAMI_2015_LINTURI
  490.000000 -0.571048E+00  0.312920E-01   0.000  1   CBMAMI_2015_LINTURI
  500.000000 -0.543557E+00  0.312920E-01   0.000  1   CBMAMI_2015_LINTURI
  520.000000 -0.447716E+00  0.406880E-01   0.000  1   CBMAMI_2015_LINTURI
  530.000000 -0.384227E+00  0.406880E-01   0.000  1   CBMAMI_2015_LINTURI
  550.000000 -0.243893E+00  0.965180E-01   0.000  1   CBMAMI_2015_LINTURI
  560.000000 -0.176135E+00  0.965180E-01   0.000  1   CBMAMI_2015_LINTURI
  580.000000 -0.553201E-01  0.574100E-01   0.000  1   CBMAMI_2015_LINTURI
  590.000000 -0.106396E-02  0.574100E-01   0.000  1   CBMAMI_2015_LINTURI
  610.000000  0.956418E-01  0.680160E-01   0.000  1   CBMAMI_2015_LINTURI
  620.000000  0.137084E+00  0.680160E-01   0.000  1   CBMAMI_2015_LINTURI
  640.000000  0.192383E+00  0.717720E-01   0.000  1   CBMAMI_2015_LINTURI
  650.000000  0.196716E+00  0.717720E-01   0.000  1   CBMAMI_2015_LINTURI
  670.000000  0.188068E+00  0.898250E-01   0.000  1   CBMAMI_2015_LINTURI
  680.000000  0.207371E+00  0.898250E-01   0.000  1   CBMAMI_2015_LINTURI
  700.000000  0.282099E+00  0.456770E-01   0.000  1   CBMAMI_2015_LINTURI
  710.000000  0.296444E+00  0.456770E-01   0.000  1   CBMAMI_2015_LINTURI
  730.000000  0.240975E+00  0.459330E-01   0.000  1   CBMAMI_2015_LINTURI
  740.000000  0.182792E+00  0.459330E-01   0.000  1   CBMAMI_2015_LINTURI
  760.000000  0.662461E-01  0.333500E-01   0.000  1   CBMAMI_2015_LINTURI
  770.000000  0.433576E-01  0.333500E-01   0.000  1   CBMAMI_2015_LINTURI
  790.000000  0.516477E-01  0.522460E-01   0.000  1   CBMAMI_2015_LINTURI
  800.000000  0.345137E-01  0.522460E-01   0.000  1   CBMAMI_2015_LINTURI
  820.000000 -0.736701E-01  0.786800E-01   0.000  1   CBMAMI_2015_LINTURI
  830.000000 -0.140709E+00  0.786800E-01   0.000  1   CBMAMI_2015_LINTURI
  850.000000 -0.252550E+00  0.371460E-01   0.000  1   CBMAMI_2015_LINTURI
  860.000000 -0.284128E+00  0.371460E-01   0.000  1   CBMAMI_2015_LINTURI
  880.000000 -0.323409E+00  0.594200E-02   0.000  1   CBMAMI_2015_LINTURI
  890.000000 -0.363349E+00  0.594200E-02   0.000  1   CBMAMI_2015_LINTURI
  910.000000 -0.481434E+00  0.566800E-01   0.000  1   CBMAMI_2015_LINTURI
  920.000000 -0.525614E+00  0.566800E-01   0.000  1   CBMAMI_2015_LINTURI
  940.000000 -0.576595E+00  0.623900E-01   0.000  1   CBMAMI_2015_LINTURI
  950.000000 -0.611315E+00  0.623900E-01   0.000  1   CBMAMI_2015_LINTURI
  970.000000 -0.694566E+00  0.446460E-01   0.000  1   CBMAMI_2015_LINTURI
  980.000000 -0.711383E+00  0.446460E-01   0.000  1   CBMAMI_2015_LINTURI
 1000.000000 -0.684217E+00  0.582110E-01   0.000  1   CBMAMI_2015_LINTURI
 1010.000000 -0.663477E+00  0.582110E-01   0.000  1   CBMAMI_2015_LINTURI
 1030.000000 -0.647250E+00  0.546910E-01   0.000  1   CBMAMI_2015_LINTURI
 1040.000000 -0.659228E+00  0.546910E-01   0.000  1   CBMAMI_2015_LINTURI
 1060.000000 -0.699605E+00  0.616010E-01   0.000  1   CBMAMI_2015_LINTURI
 1070.000000 -0.702224E+00  0.616010E-01   0.000  1   CBMAMI_2015_LINTURI
 1090.000000 -0.667981E+00  0.623080E-01   0.000  1   CBMAMI_2015_LINTURI
 1100.000000 -0.653426E+00  0.623080E-01   0.000  1   CBMAMI_2015_LINTURI
 1120.000000 -0.644714E+00  0.111570E+00   0.000  1   CBMAMI_2015_LINTURI
 1130.000000 -0.640097E+00  0.111570E+00   0.000  1   CBMAMI_2015_LINTURI
 1150.000000 -0.621647E+00  0.105995E+00   0.000  1   CBMAMI_2015_LINTURI
 1160.000000 -0.611697E+00  0.105995E+00   0.000  1   CBMAMI_2015_LINTURI
 1180.000000 -0.603065E+00  0.777850E-01   0.000  1   CBMAMI_2015_LINTURI
 1190.000000 -0.610357E+00  0.777850E-01   0.000  1   CBMAMI_2015_LINTURI
 1210.000000 -0.644185E+00  0.934620E-01   0.000  1   CBMAMI_2015_LINTURI
 1220.000000 -0.661522E+00  0.934620E-01   0.000  1   CBMAMI_2015_LINTURI
 1240.000000 -0.670623E+00  0.766440E-01   0.000  1   CBMAMI_2015_LINTURI
 1250.000000 -0.650935E+00  0.766440E-01   0.000  1   CBMAMI_2015_LINTURI
 1270.000000 -0.572405E+00  0.125076E+00   0.000  1   CBMAMI_2015_LINTURI
 1280.000000 -0.532270E+00  0.125076E+00   0.000  1   CBMAMI_2015_LINTURI
 1300.000000 -0.470985E+00  0.227245E+00   0.000  1   CBMAMI_2015_LINTURI
 1310.000000 -0.447181E+00  0.227245E+00   0.000  1   CBMAMI_2015_LINTURI
 1330.000000 -0.381978E+00  0.285064E+00   0.000  1   CBMAMI_2015_LINTURI
 1340.000000 -0.319111E+00  0.285064E+00   0.000  1   CBMAMI_2015_LINTURI
 1360.000000 -0.156716E+00  0.227880E+00   0.000  1   CBMAMI_2015_LINTURI
 1370.000000 -0.972993E-01  0.227880E+00   0.000  1   CBMAMI_2015_LINTURI
 1390.000000 -0.469666E-01  0.200785E+00   0.000  1   CBMAMI_2015_LINTURI
   -0.249700   40
  230.000000 -0.948392E+00  0.663970E-01   0.000  1   CBMAMI_2015_LINTURI
  250.000000 -0.789988E+00  0.192500E-01   0.000  1   CBMAMI_2015_LINTURI
  260.000000 -0.740957E+00  0.192500E-01   0.000  1   CBMAMI_2015_LINTURI
  280.000000 -0.714580E+00  0.128030E-01   0.000  1   CBMAMI_2015_LINTURI
  290.000000 -0.727708E+00  0.128030E-01   0.000  1   CBMAMI_2015_LINTURI
  310.000000 -0.764493E+00  0.976100E-02   0.000  1   CBMAMI_2015_LINTURI
  320.000000 -0.764777E+00  0.976100E-02   0.000  1   CBMAMI_2015_LINTURI
  320.000000 -0.764777E+00  0.976100E-02   0.000  1   CBMAMI_2015_LINTURI
  340.000000 -0.727694E+00  0.133860E-01   0.000  1   CBMAMI_2015_LINTURI
  350.000000 -0.712369E+00  0.133860E-01   0.000  1   CBMAMI_2015_LINTURI
  370.000000 -0.705835E+00  0.127670E-01   0.000  1   CBMAMI_2015_LINTURI
  380.000000 -0.706298E+00  0.127670E-01   0.000  1   CBMAMI_2015_LINTURI
  400.000000 -0.699649E+00  0.126450E-01   0.000  1   CBMAMI_2015_LINTURI
  410.000000 -0.689243E+00  0.126450E-01   0.000  1   CBMAMI_2015_LINTURI
  430.000000 -0.655031E+00  0.154360E-01   0.000  1   CBMAMI_2015_LINTURI
  440.000000 -0.635111E+00  0.154360E-01   0.000  1   CBMAMI_2015_LINTURI
  460.000000 -0.604106E+00  0.228310E-01   0.000  1   CBMAMI_2015_LINTURI
  470.000000 -0.600337E+00  0.228310E-01   0.000  1   CBMAMI_2015_LINTURI
  490.000000 -0.600466E+00  0.709910E-01   0.000  1   CBMAMI_2015_LINTURI
  500.000000 -0.584588E+00  0.709910E-01   0.000  1   CBMAMI_2015_LINTURI
  520.000000 -0.496723E+00  0.222740E-01   0.000  1   CBMAMI_2015_LINTURI
  530.000000 -0.425782E+00  0.222740E-01   0.000  1   CBMAMI_2015_LINTURI
  550.000000 -0.275050E+00  0.704830E-01   0.000  1   CBMAMI_2015_LINTURI
  560.000000 -0.229332E+00  0.704830E-01   0.000  1   CBMAMI_2015_LINTURI
  580.000000 -0.189862E+00  0.204290E-01   0.000  1   CBMAMI_2015_LINTURI
  590.000000 -0.156626E+00  0.204290E-01   0.000  1   CBMAMI_2015_LINTURI
  610.000000 -0.572321E-01  0.963200E-01   0.000  1   CBMAMI_2015_LINTURI
  620.000000 -0.259858E-01  0.963200E-01   0.000  1   CBMAMI_2015_LINTURI
  640.000000 -0.158182E-01  0.620300E-01   0.000  1   CBMAMI_2015_LINTURI
  650.000000 -0.137100E-01  0.620300E-01   0.000  1   CBMAMI_2015_LINTURI
  670.000000  0.213468E-01  0.822500E-01   0.000  1   CBMAMI_2015_LINTURI
  680.000000  0.595266E-01  0.822500E-01   0.000  1   CBMAMI_2015_LINTURI
  700.000000  0.144437E+00  0.604140E-01   0.000  1   CBMAMI_2015_LINTURI
  710.000000  0.160466E+00  0.604140E-01   0.000  1   CBMAMI_2015_LINTURI
  730.000000  0.125318E+00  0.189310E-01   0.000  1   CBMAMI_2015_LINTURI
  740.000000  0.935798E-01  0.189310E-01   0.000  1   CBMAMI_2015_LINTURI
  760.000000  0.326288E-01  0.214490E-01   0.000  1   CBMAMI_2015_LINTURI
  770.000000  0.801474E-02  0.214490E-01   0.000  1   CBMAMI_2015_LINTURI
  790.000000 -0.308942E-01  0.615820E-01   0.000  1   CBMAMI_2015_LINTURI
  800.000000 -0.507487E-01  0.615820E-01   0.000  1   CBMAMI_2015_LINTURI
  820.000000 -0.105438E+00  0.661820E-01   0.000  1   CBMAMI_2015_LINTURI
  830.000000 -0.145715E+00  0.661820E-01   0.000  1   CBMAMI_2015_LINTURI
  850.000000 -0.238090E+00  0.215790E-01   0.000  1   CBMAMI_2015_LINTURI
  860.000000 -0.273892E+00  0.215790E-01   0.000  1   CBMAMI_2015_LINTURI
  880.000000 -0.328438E+00  0.776760E-01   0.000  1   CBMAMI_2015_LINTURI
  890.000000 -0.366270E+00  0.776760E-01   0.000  1   CBMAMI_2015_LINTURI
  910.000000 -0.462807E+00  0.527510E-01   0.000  1   CBMAMI_2015_LINTURI
  920.000000 -0.502150E+00  0.527510E-01   0.000  1   CBMAMI_2015_LINTURI
  940.000000 -0.549678E+00  0.514480E-01   0.000  1   CBMAMI_2015_LINTURI
  950.000000 -0.566962E+00  0.514480E-01   0.000  1   CBMAMI_2015_LINTURI
  970.000000 -0.608356E+00  0.401590E-01   0.000  1   CBMAMI_2015_LINTURI
  980.000000 -0.638462E+00  0.401590E-01   0.000  1   CBMAMI_2015_LINTURI
 1000.000000 -0.681961E+00  0.497510E-01   0.000  1   CBMAMI_2015_LINTURI
 1010.000000 -0.662006E+00  0.497510E-01   0.000  1   CBMAMI_2015_LINTURI
 1030.000000 -0.576364E+00  0.652930E-01   0.000  1   CBMAMI_2015_LINTURI
 1040.000000 -0.573253E+00  0.652930E-01   0.000  1   CBMAMI_2015_LINTURI
 1060.000000 -0.647844E+00  0.494160E-01   0.000  1   CBMAMI_2015_LINTURI
 1070.000000 -0.663940E+00  0.494160E-01   0.000  1   CBMAMI_2015_LINTURI
 1090.000000 -0.601371E+00  0.455140E-01   0.000  1   CBMAMI_2015_LINTURI
 1100.000000 -0.543889E+00  0.455140E-01   0.000  1   CBMAMI_2015_LINTURI
 1120.000000 -0.446319E+00  0.816720E-01   0.000  1   CBMAMI_2015_LINTURI
 1130.000000 -0.439111E+00  0.816720E-01   0.000  1   CBMAMI_2015_LINTURI
 1150.000000 -0.486912E+00  0.964070E-01   0.000  1   CBMAMI_2015_LINTURI
 1160.000000 -0.493050E+00  0.964070E-01   0.000  1   CBMAMI_2015_LINTURI
 1180.000000 -0.448691E+00  0.129307E+00   0.000  1   CBMAMI_2015_LINTURI
 1190.000000 -0.430608E+00  0.129307E+00   0.000  1   CBMAMI_2015_LINTURI
 1210.000000 -0.433192E+00  0.107697E+00   0.000  1   CBMAMI_2015_LINTURI
 1220.000000 -0.444714E+00  0.107697E+00   0.000  1   CBMAMI_2015_LINTURI
 1240.000000 -0.429422E+00  0.186756E+00   0.000  1   CBMAMI_2015_LINTURI
 1250.000000 -0.366746E+00  0.186756E+00   0.000  1   CBMAMI_2015_LINTURI
 1270.000000 -0.226784E+00  0.183690E+00   0.000  1   CBMAMI_2015_LINTURI
 1280.000000 -0.259059E+00  0.183690E+00   0.000  1   CBMAMI_2015_LINTURI
 1300.000000 -0.458528E+00  0.159992E+00   0.000  1   CBMAMI_2015_LINTURI
 1310.000000 -0.461987E+00  0.159992E+00   0.000  1   CBMAMI_2015_LINTURI
 1330.000000 -0.221546E+00  0.258693E+00   0.000  1   CBMAMI_2015_LINTURI
 1340.000000 -0.991219E-01  0.258693E+00   0.000  1   CBMAMI_2015_LINTURI
 1360.000000 -0.830765E-03  0.124750E+00   0.000  1   CBMAMI_2015_LINTURI
 1370.000000 -0.209263E-01  0.124750E+00   0.000  1   CBMAMI_2015_LINTURI
 1390.000000 -0.156342E+00  0.258666E+00   0.000  1   CBMAMI_2015_LINTURI
   -0.080100   40
  230.000000 -0.557406E+00  0.106000E+00   0.000  1   CBMAMI_2015_LINTURI
  250.000000 -0.844293E+00  0.180850E-01   0.000  1   CBMAMI_2015_LINTURI
  260.000000 -0.893756E+00  0.180850E-01   0.000  1   CBMAMI_2015_LINTURI
  280.000000 -0.830027E+00  0.111300E-01   0.000  1   CBMAMI_2015_LINTURI
  290.000000 -0.793370E+00  0.111300E-01   0.000  1   CBMAMI_2015_LINTURI
  310.000000 -0.789273E+00  0.885600E-02   0.000  1   CBMAMI_2015_LINTURI
  320.000000 -0.806811E+00  0.885600E-02   0.000  1   CBMAMI_2015_LINTURI
  320.000000 -0.806811E+00  0.885600E-02   0.000  1   CBMAMI_2015_LINTURI
  340.000000 -0.830609E+00  0.113490E-01   0.000  1   CBMAMI_2015_LINTURI
  350.000000 -0.813184E+00  0.113490E-01   0.000  1   CBMAMI_2015_LINTURI
  370.000000 -0.738273E+00  0.117740E-01   0.000  1   CBMAMI_2015_LINTURI
  380.000000 -0.718695E+00  0.117740E-01   0.000  1   CBMAMI_2015_LINTURI
  400.000000 -0.725361E+00  0.136810E-01   0.000  1   CBMAMI_2015_LINTURI
  410.000000 -0.721599E+00  0.136810E-01   0.000  1   CBMAMI_2015_LINTURI
  430.000000 -0.683429E+00  0.140010E-01   0.000  1   CBMAMI_2015_LINTURI
  440.000000 -0.666319E+00  0.140010E-01   0.000  1   CBMAMI_2015_LINTURI
  460.000000 -0.647917E+00  0.177590E-01   0.000  1   CBMAMI_2015_LINTURI
  470.000000 -0.638371E+00  0.177590E-01   0.000  1   CBMAMI_2015_LINTURI
  490.000000 -0.605125E+00  0.165910E-01   0.000  1   CBMAMI_2015_LINTURI
  500.000000 -0.579154E+00  0.165910E-01   0.000  1   CBMAMI_2015_LINTURI
  520.000000 -0.499264E+00  0.207580E-01   0.000  1   CBMAMI_2015_LINTURI
  530.000000 -0.440476E+00  0.207580E-01   0.000  1   CBMAMI_2015_LINTURI
  550.000000 -0.311553E+00  0.433460E-01   0.000  1   CBMAMI_2015_LINTURI
  560.000000 -0.266919E+00  0.433460E-01   0.000  1   CBMAMI_2015_LINTURI
  580.000000 -0.226478E+00  0.582500E-01   0.000  1   CBMAMI_2015_LINTURI
  590.000000 -0.212367E+00  0.582500E-01   0.000  1   CBMAMI_2015_LINTURI
  610.000000 -0.171225E+00  0.873570E-01   0.000  1   CBMAMI_2015_LINTURI
  620.000000 -0.143048E+00  0.873570E-01   0.000  1   CBMAMI_2015_LINTURI
  640.000000 -0.913750E-01  0.229100E-01   0.000  1   CBMAMI_2015_LINTURI
  650.000000 -0.841418E-01  0.229100E-01   0.000  1   CBMAMI_2015_LINTURI
  670.000000 -0.762059E-01  0.300530E-01   0.000  1   CBMAMI_2015_LINTURI
  680.000000 -0.356588E-01  0.300530E-01   0.000  1   CBMAMI_2015_LINTURI
  700.000000  0.847906E-01  0.501850E-01   0.000  1   CBMAMI_2015_LINTURI
  710.000000  0.985545E-01  0.501850E-01   0.000  1   CBMAMI_2015_LINTURI
  730.000000  0.247616E-01  0.627500E-01   0.000  1   CBMAMI_2015_LINTURI
  740.000000 -0.324227E-02  0.627500E-01   0.000  1   CBMAMI_2015_LINTURI
  760.000000 -0.843791E-02  0.273110E-01   0.000  1   CBMAMI_2015_LINTURI
  770.000000 -0.194656E-01  0.273110E-01   0.000  1   CBMAMI_2015_LINTURI
  790.000000 -0.685098E-01  0.444740E-01   0.000  1   CBMAMI_2015_LINTURI
  800.000000 -0.803939E-01  0.444740E-01   0.000  1   CBMAMI_2015_LINTURI
  820.000000 -0.841749E-01  0.330000E-01   0.000  1   CBMAMI_2015_LINTURI
  830.000000 -0.106510E+00  0.330000E-01   0.000  1   CBMAMI_2015_LINTURI
  850.000000 -0.201532E+00  0.556810E-01   0.000  1   CBMAMI_2015_LINTURI
  860.000000 -0.250947E+00  0.556810E-01   0.000  1   CBMAMI_2015_LINTURI
  880.000000 -0.318874E+00  0.710440E-01   0.000  1   CBMAMI_2015_LINTURI
  890.000000 -0.333823E+00  0.710440E-01   0.000  1   CBMAMI_2015_LINTURI
  910.000000 -0.358294E+00  0.503810E-01   0.000  1   CBMAMI_2015_LINTURI
  920.000000 -0.396464E+00  0.503810E-01   0.000  1   CBMAMI_2015_LINTURI
  940.000000 -0.504837E+00  0.596760E-01   0.000  1   CBMAMI_2015_LINTURI
  950.000000 -0.531059E+00  0.596760E-01   0.000  1   CBMAMI_2015_LINTURI
  970.000000 -0.519537E+00  0.557990E-01   0.000  1   CBMAMI_2015_LINTURI
  980.000000 -0.519290E+00  0.557990E-01   0.000  1   CBMAMI_2015_LINTURI
 1000.000000 -0.526906E+00  0.435560E-01   0.000  1   CBMAMI_2015_LINTURI
 1010.000000 -0.495162E+00  0.435560E-01   0.000  1   CBMAMI_2015_LINTURI
 1030.000000 -0.389717E+00  0.758020E-01   0.000  1   CBMAMI_2015_LINTURI
 1040.000000 -0.378456E+00  0.758020E-01   0.000  1   CBMAMI_2015_LINTURI
 1060.000000 -0.442493E+00  0.726900E-01   0.000  1   CBMAMI_2015_LINTURI
 1070.000000 -0.458013E+00  0.726900E-01   0.000  1   CBMAMI_2015_LINTURI
 1090.000000 -0.404327E+00  0.108918E+00   0.000  1   CBMAMI_2015_LINTURI
 1100.000000 -0.354757E+00  0.108918E+00   0.000  1   CBMAMI_2015_LINTURI
 1120.000000 -0.251439E+00  0.151254E+00   0.000  1   CBMAMI_2015_LINTURI
 1130.000000 -0.210162E+00  0.151254E+00   0.000  1   CBMAMI_2015_LINTURI
 1150.000000 -0.173001E+00  0.103832E+00   0.000  1   CBMAMI_2015_LINTURI
 1160.000000 -0.183964E+00  0.103832E+00   0.000  1   CBMAMI_2015_LINTURI
 1180.000000 -0.226937E+00  0.191650E+00   0.000  1   CBMAMI_2015_LINTURI
 1190.000000 -0.222675E+00  0.191650E+00   0.000  1   CBMAMI_2015_LINTURI
 1210.000000 -0.183360E+00  0.305456E+00   0.000  1   CBMAMI_2015_LINTURI
 1220.000000 -0.200209E+00  0.305456E+00   0.000  1   CBMAMI_2015_LINTURI
 1240.000000 -0.274447E+00  0.208511E+00   0.000  1   CBMAMI_2015_LINTURI
 1250.000000 -0.254995E+00  0.208511E+00   0.000  1   CBMAMI_2015_LINTURI
 1270.000000 -0.141409E+00  0.184734E+00   0.000  1   CBMAMI_2015_LINTURI
 1280.000000 -0.153894E+00  0.184734E+00   0.000  1   CBMAMI_2015_LINTURI
 1300.000000 -0.307981E+00  0.156664E+00   0.000  1   CBMAMI_2015_LINTURI
 1310.000000 -0.335680E+00  0.156664E+00   0.000  1   CBMAMI_2015_LINTURI
 1330.000000 -0.267003E+00  0.224652E+00   0.000  1   CBMAMI_2015_LINTURI
 1340.000000 -0.264650E+00  0.224652E+00   0.000  1   CBMAMI_2015_LINTURI
 1360.000000 -0.334044E+00  0.145942E+00   0.000  1   CBMAMI_2015_LINTURI
 1370.000000 -0.319052E+00  0.145942E+00   0.000  1   CBMAMI_2015_LINTURI
 1390.000000 -0.136714E+00  0.330760E+00   0.000  1   CBMAMI_2015_LINTURI
    0.079500   40
  230.000000 -0.620078E+00  0.336820E-01   0.000  1   CBMAMI_2015_LINTURI
  250.000000 -0.875886E+00  0.156210E-01   0.000  1   CBMAMI_2015_LINTURI
  260.000000 -0.908227E+00  0.156210E-01   0.000  1   CBMAMI_2015_LINTURI
  280.000000 -0.825169E+00  0.100570E-01   0.000  1   CBMAMI_2015_LINTURI
  290.000000 -0.801163E+00  0.100570E-01   0.000  1   CBMAMI_2015_LINTURI
  310.000000 -0.843826E+00  0.788400E-02   0.000  1   CBMAMI_2015_LINTURI
  320.000000 -0.862618E+00  0.788400E-02   0.000  1   CBMAMI_2015_LINTURI
  320.000000 -0.862618E+00  0.788400E-02   0.000  1   CBMAMI_2015_LINTURI
  340.000000 -0.844428E+00  0.104700E-01   0.000  1   CBMAMI_2015_LINTURI
  350.000000 -0.816368E+00  0.104700E-01   0.000  1   CBMAMI_2015_LINTURI
  370.000000 -0.756840E+00  0.103370E-01   0.000  1   CBMAMI_2015_LINTURI
  380.000000 -0.743081E+00  0.103370E-01   0.000  1   CBMAMI_2015_LINTURI
  400.000000 -0.748673E+00  0.132000E-01   0.000  1   CBMAMI_2015_LINTURI
  410.000000 -0.751259E+00  0.132000E-01   0.000  1   CBMAMI_2015_LINTURI
  430.000000 -0.731211E+00  0.123400E-01   0.000  1   CBMAMI_2015_LINTURI
  440.000000 -0.706024E+00  0.123400E-01   0.000  1   CBMAMI_2015_LINTURI
  460.000000 -0.637323E+00  0.164320E-01   0.000  1   CBMAMI_2015_LINTURI
  470.000000 -0.605655E+00  0.164320E-01   0.000  1   CBMAMI_2015_LINTURI
  490.000000 -0.559727E+00  0.181120E-01   0.000  1   CBMAMI_2015_LINTURI
  500.000000 -0.543023E+00  0.181120E-01   0.000  1   CBMAMI_2015_LINTURI
  520.000000 -0.506176E+00  0.220180E-01   0.000  1   CBMAMI_2015_LINTURI
  530.000000 -0.476060E+00  0.220180E-01   0.000  1   CBMAMI_2015_LINTURI
  550.000000 -0.390496E+00  0.222920E-01   0.000  1   CBMAMI_2015_LINTURI
  560.000000 -0.343523E+00  0.222920E-01   0.000  1   CBMAMI_2015_LINTURI
  580.000000 -0.261042E+00  0.565370E-01   0.000  1   CBMAMI_2015_LINTURI
  590.000000 -0.232571E+00  0.565370E-01   0.000  1   CBMAMI_2015_LINTURI
  610.000000 -0.199306E+00  0.435620E-01   0.000  1   CBMAMI_2015_LINTURI
  620.000000 -0.186187E+00  0.435620E-01   0.000  1   CBMAMI_2015_LINTURI
  640.000000 -0.168070E+00  0.397610E-01   0.000  1   CBMAMI_2015_LINTURI
  650.000000 -0.171995E+00  0.397610E-01   0.000  1   CBMAMI_2015_LINTURI
  670.000000 -0.176627E+00  0.720660E-01   0.000  1   CBMAMI_2015_LINTURI
  680.000000 -0.145707E+00  0.720660E-01   0.000  1   CBMAMI_2015_LINTURI
  700.000000 -0.349296E-01  0.356780E-01   0.000  1   CBMAMI_2015_LINTURI
  710.000000 -0.474357E-03  0.356780E-01   0.000  1   CBMAMI_2015_LINTURI
  730.000000 -0.760520E-02  0.356280E-01   0.000  1   CBMAMI_2015_LINTURI
  740.000000 -0.303863E-01  0.356280E-01   0.000  1   CBMAMI_2015_LINTURI
  760.000000 -0.762624E-01  0.186870E-01   0.000  1   CBMAMI_2015_LINTURI
  770.000000 -0.884749E-01  0.186870E-01   0.000  1   CBMAMI_2015_LINTURI
  790.000000 -0.778476E-01  0.534540E-01   0.000  1   CBMAMI_2015_LINTURI
  800.000000 -0.552471E-01  0.534540E-01   0.000  1   CBMAMI_2015_LINTURI
  820.000000 -0.149022E-01  0.816800E-01   0.000  1   CBMAMI_2015_LINTURI
  830.000000 -0.276657E-01  0.816800E-01   0.000  1   CBMAMI_2015_LINTURI
  850.000000 -0.115916E+00  0.323140E-01   0.000  1   CBMAMI_2015_LINTURI
  860.000000 -0.158485E+00  0.323140E-01   0.000  1   CBMAMI_2015_LINTURI
  880.000000 -0.207832E+00  0.320800E-01   0.000  1   CBMAMI_2015_LINTURI
  890.000000 -0.222064E+00  0.320800E-01   0.000  1   CBMAMI_2015_LINTURI
  910.000000 -0.248796E+00  0.108861E+00   0.000  1   CBMAMI_2015_LINTURI
  920.000000 -0.268659E+00  0.108861E+00   0.000  1   CBMAMI_2015_LINTURI
  940.000000 -0.331916E+00  0.419500E-01   0.000  1   CBMAMI_2015_LINTURI
  950.000000 -0.376010E+00  0.419500E-01   0.000  1   CBMAMI_2015_LINTURI
  970.000000 -0.447065E+00  0.834370E-01   0.000  1   CBMAMI_2015_LINTURI
  980.000000 -0.440448E+00  0.834370E-01   0.000  1   CBMAMI_2015_LINTURI
 1000.000000 -0.340887E+00  0.808580E-01   0.000  1   CBMAMI_2015_LINTURI
 1010.000000 -0.280084E+00  0.808580E-01   0.000  1   CBMAMI_2015_LINTURI
 1030.000000 -0.197248E+00  0.147977E+00   0.000  1   CBMAMI_2015_LINTURI
 1040.000000 -0.190501E+00  0.147977E+00   0.000  1   CBMAMI_2015_LINTURI
 1060.000000 -0.223120E+00  0.630310E-01   0.000  1   CBMAMI_2015_LINTURI
 1070.000000 -0.229227E+00  0.630310E-01   0.000  1   CBMAMI_2015_LINTURI
 1090.000000 -0.187240E+00  0.925910E-01   0.000  1   CBMAMI_2015_LINTURI
 1100.000000 -0.145985E+00  0.925910E-01   0.000  1   CBMAMI_2015_LINTURI
 1120.000000 -0.525141E-01  0.140436E+00   0.000  1   CBMAMI_2015_LINTURI
 1130.000000 -0.163841E-01  0.140436E+00   0.000  1   CBMAMI_2015_LINTURI
 1150.000000  0.283317E-01  0.131633E+00   0.000  1   CBMAMI_2015_LINTURI
 1160.000000  0.476941E-01  0.131633E+00   0.000  1   CBMAMI_2015_LINTURI
 1180.000000  0.680701E-01  0.109640E+00   0.000  1   CBMAMI_2015_LINTURI
 1190.000000  0.486338E-01  0.109640E+00   0.000  1   CBMAMI_2015_LINTURI
 1210.000000 -0.422371E-01  0.139573E+00   0.000  1   CBMAMI_2015_LINTURI
 1220.000000 -0.873103E-01  0.139573E+00   0.000  1   CBMAMI_2015_LINTURI
 1240.000000 -0.136446E+00  0.202210E+00   0.000  1   CBMAMI_2015_LINTURI
 1250.000000 -0.135394E+00  0.202210E+00   0.000  1   CBMAMI_2015_LINTURI
 1270.000000 -0.991844E-01  0.155502E+00   0.000  1   CBMAMI_2015_LINTURI
 1280.000000 -0.826901E-01  0.155502E+00   0.000  1   CBMAMI_2015_LINTURI
 1300.000000 -0.108918E+00  0.247950E+00   0.000  1   CBMAMI_2015_LINTURI
 1310.000000 -0.176333E+00  0.247950E+00   0.000  1   CBMAMI_2015_LINTURI
 1330.000000 -0.341775E+00  0.253013E+00   0.000  1   CBMAMI_2015_LINTURI
 1340.000000 -0.354441E+00  0.253013E+00   0.000  1   CBMAMI_2015_LINTURI
 1360.000000 -0.234145E+00  0.213840E+00   0.000  1   CBMAMI_2015_LINTURI
 1370.000000 -0.182163E+00  0.213840E+00   0.000  1   CBMAMI_2015_LINTURI
 1390.000000 -0.165122E+00  0.228031E+00   0.000  1   CBMAMI_2015_LINTURI
    0.249800   40
  230.000000 -0.606418E+00  0.223860E-01   0.000  1   CBMAMI_2015_LINTURI
  250.000000 -0.780047E+00  0.171460E-01   0.000  1   CBMAMI_2015_LINTURI
  260.000000 -0.822713E+00  0.171460E-01   0.000  1   CBMAMI_2015_LINTURI
  280.000000 -0.820919E+00  0.944500E-02   0.000  1   CBMAMI_2015_LINTURI
  290.000000 -0.804115E+00  0.944500E-02   0.000  1   CBMAMI_2015_LINTURI
  310.000000 -0.783022E+00  0.814400E-02   0.000  1   CBMAMI_2015_LINTURI
  320.000000 -0.785668E+00  0.814400E-02   0.000  1   CBMAMI_2015_LINTURI
  320.000000 -0.785668E+00  0.814400E-02   0.000  1   CBMAMI_2015_LINTURI
  340.000000 -0.800603E+00  0.974900E-02   0.000  1   CBMAMI_2015_LINTURI
  350.000000 -0.793118E+00  0.974900E-02   0.000  1   CBMAMI_2015_LINTURI
  370.000000 -0.737263E+00  0.962600E-02   0.000  1   CBMAMI_2015_LINTURI
  380.000000 -0.700229E+00  0.962600E-02   0.000  1   CBMAMI_2015_LINTURI
  400.000000 -0.644251E+00  0.138170E-01   0.000  1   CBMAMI_2015_LINTURI
  410.000000 -0.642076E+00  0.138170E-01   0.000  1   CBMAMI_2015_LINTURI
  430.000000 -0.660896E+00  0.111900E-01   0.000  1   CBMAMI_2015_LINTURI
  440.000000 -0.643205E+00  0.111900E-01   0.000  1   CBMAMI_2015_LINTURI
  460.000000 -0.562354E+00  0.181650E-01   0.000  1   CBMAMI_2015_LINTURI
  470.000000 -0.544510E+00  0.181650E-01   0.000  1   CBMAMI_2015_LINTURI
  490.000000 -0.556681E+00  0.166880E-01   0.000  1   CBMAMI_2015_LINTURI
  500.000000 -0.543503E+00  0.166880E-01   0.000  1   CBMAMI_2015_LINTURI
  520.000000 -0.470363E+00  0.225870E-01   0.000  1   CBMAMI_2015_LINTURI
  530.000000 -0.447161E+00  0.225870E-01   0.000  1   CBMAMI_2015_LINTURI
  550.000000 -0.428759E+00  0.210740E-01   0.000  1   CBMAMI_2015_LINTURI
  560.000000 -0.397742E+00  0.210740E-01   0.000  1   CBMAMI_2015_LINTURI
  580.000000 -0.295205E+00  0.419520E-01   0.000  1   CBMAMI_2015_LINTURI
  590.000000 -0.262212E+00  0.419520E-01   0.000  1   CBMAMI_2015_LINTURI
  610.000000 -0.263018E+00  0.656810E-01   0.000  1   CBMAMI_2015_LINTURI
  620.000000 -0.281571E+00  0.656810E-01   0.000  1   CBMAMI_2015_LINTURI
  640.000000 -0.302856E+00  0.432470E-01   0.000  1   CBMAMI_2015_LINTURI
  650.000000 -0.280307E+00  0.432470E-01   0.000  1   CBMAMI_2015_LINTURI
  670.000000 -0.175225E+00  0.996740E-01   0.000  1   CBMAMI_2015_LINTURI
  680.000000 -0.122822E+00  0.996740E-01   0.000  1   CBMAMI_2015_LINTURI
  700.000000 -0.512580E-01  0.768850E-01   0.000  1   CBMAMI_2015_LINTURI
  710.000000 -0.278115E-01  0.768850E-01   0.000  1   CBMAMI_2015_LINTURI
  730.000000 -0.180689E-02  0.512580E-01   0.000  1   CBMAMI_2015_LINTURI
  740.000000 -0.864088E-03  0.512580E-01   0.000  1   CBMAMI_2015_LINTURI
  760.000000 -0.253408E-01  0.535080E-01   0.000  1   CBMAMI_2015_LINTURI
  770.000000 -0.505221E-01  0.535080E-01   0.000  1   CBMAMI_2015_LINTURI
  790.000000 -0.849324E-01  0.328420E-01   0.000  1   CBMAMI_2015_LINTURI
  800.000000 -0.619415E-01  0.328420E-01   0.000  1   CBMAMI_2015_LINTURI
  820.000000  0.288481E-01  0.354060E-01   0.000  1   CBMAMI_2015_LINTURI
  830.000000  0.367747E-01  0.354060E-01   0.000  1   CBMAMI_2015_LINTURI
  850.000000 -0.375164E-01  0.297530E-01   0.000  1   CBMAMI_2015_LINTURI
  860.000000 -0.717742E-01  0.297530E-01   0.000  1   CBMAMI_2015_LINTURI
  880.000000 -0.988893E-01  0.610270E-01   0.000  1   CBMAMI_2015_LINTURI
  890.000000 -0.111960E+00  0.610270E-01   0.000  1   CBMAMI_2015_LINTURI
  910.000000 -0.141129E+00  0.290840E-01   0.000  1   CBMAMI_2015_LINTURI
  920.000000 -0.140014E+00  0.290840E-01   0.000  1   CBMAMI_2015_LINTURI
  940.000000 -0.126096E+00  0.219750E-01   0.000  1   CBMAMI_2015_LINTURI
  950.000000 -0.145691E+00  0.219750E-01   0.000  1   CBMAMI_2015_LINTURI
  970.000000 -0.203416E+00  0.823100E-01   0.000  1   CBMAMI_2015_LINTURI
  980.000000 -0.182274E+00  0.823100E-01   0.000  1   CBMAMI_2015_LINTURI
 1000.000000 -0.448273E-01  0.164430E+00   0.000  1   CBMAMI_2015_LINTURI
 1010.000000  0.813703E-02  0.164430E+00   0.000  1   CBMAMI_2015_LINTURI
 1030.000000  0.152076E-01  0.129837E+00   0.000  1   CBMAMI_2015_LINTURI
 1040.000000 -0.195751E-01  0.129837E+00   0.000  1   CBMAMI_2015_LINTURI
 1060.000000 -0.985925E-01  0.759400E-01   0.000  1   CBMAMI_2015_LINTURI
 1070.000000 -0.101891E+00  0.759400E-01   0.000  1   CBMAMI_2015_LINTURI
 1090.000000 -0.383449E-01  0.985400E-01   0.000  1   CBMAMI_2015_LINTURI
 1100.000000 -0.138416E-01  0.985400E-01   0.000  1   CBMAMI_2015_LINTURI
 1120.000000 -0.117561E-02  0.872900E-01   0.000  1   CBMAMI_2015_LINTURI
 1130.000000  0.122912E-01  0.872900E-01   0.000  1   CBMAMI_2015_LINTURI
 1150.000000  0.605914E-01  0.149252E+00   0.000  1   CBMAMI_2015_LINTURI
 1160.000000  0.753523E-01  0.149252E+00   0.000  1   CBMAMI_2015_LINTURI
 1180.000000  0.684058E-01  0.166240E+00   0.000  1   CBMAMI_2015_LINTURI
 1190.000000  0.530542E-01  0.166240E+00   0.000  1   CBMAMI_2015_LINTURI
 1210.000000  0.837366E-02  0.141120E+00   0.000  1   CBMAMI_2015_LINTURI
 1220.000000 -0.195343E-01  0.141120E+00   0.000  1   CBMAMI_2015_LINTURI
 1240.000000 -0.547761E-01  0.157970E+00   0.000  1   CBMAMI_2015_LINTURI
 1250.000000 -0.390899E-01  0.157970E+00   0.000  1   CBMAMI_2015_LINTURI
 1270.000000  0.140891E-02  0.176820E+00   0.000  1   CBMAMI_2015_LINTURI
 1280.000000 -0.410166E-01  0.176820E+00   0.000  1   CBMAMI_2015_LINTURI
 1300.000000 -0.185207E+00  0.230628E+00   0.000  1   CBMAMI_2015_LINTURI
 1310.000000 -0.168926E+00  0.230628E+00   0.000  1   CBMAMI_2015_LINTURI
 1330.000000 -0.100853E-01  0.204036E+00   0.000  1   CBMAMI_2015_LINTURI
 1340.000000 -0.246363E-01  0.204036E+00   0.000  1   CBMAMI_2015_LINTURI
 1360.000000 -0.250913E+00  0.178251E+00   0.000  1   CBMAMI_2015_LINTURI
 1370.000000 -0.312256E+00  0.178251E+00   0.000  1   CBMAMI_2015_LINTURI
 1390.000000 -0.220554E+00  0.290060E+00   0.000  1   CBMAMI_2015_LINTURI
    0.420000   40
  230.000000 -0.177746E+00  0.242756E+00   0.000  1   CBMAMI_2015_LINTURI
  250.000000 -0.560948E+00  0.142810E-01   0.000  1   CBMAMI_2015_LINTURI
  260.000000 -0.670645E+00  0.142810E-01   0.000  1   CBMAMI_2015_LINTURI
  280.000000 -0.727073E+00  0.969700E-02   0.000  1   CBMAMI_2015_LINTURI
  290.000000 -0.723897E+00  0.969700E-02   0.000  1   CBMAMI_2015_LINTURI
  310.000000 -0.715398E+00  0.909100E-02   0.000  1   CBMAMI_2015_LINTURI
  320.000000 -0.707520E+00  0.909100E-02   0.000  1   CBMAMI_2015_LINTURI
  320.000000 -0.707520E+00  0.909100E-02   0.000  1   CBMAMI_2015_LINTURI
  340.000000 -0.688667E+00  0.107070E-01   0.000  1   CBMAMI_2015_LINTURI
  350.000000 -0.683866E+00  0.107070E-01   0.000  1   CBMAMI_2015_LINTURI
  370.000000 -0.666804E+00  0.905500E-02   0.000  1   CBMAMI_2015_LINTURI
  380.000000 -0.635556E+00  0.905500E-02   0.000  1   CBMAMI_2015_LINTURI
  400.000000 -0.557223E+00  0.129280E-01   0.000  1   CBMAMI_2015_LINTURI
  410.000000 -0.552054E+00  0.129280E-01   0.000  1   CBMAMI_2015_LINTURI
  430.000000 -0.596257E+00  0.119100E-01   0.000  1   CBMAMI_2015_LINTURI
  440.000000 -0.593284E+00  0.119100E-01   0.000  1   CBMAMI_2015_LINTURI
  460.000000 -0.520840E+00  0.177830E-01   0.000  1   CBMAMI_2015_LINTURI
  470.000000 -0.490963E+00  0.177830E-01   0.000  1   CBMAMI_2015_LINTURI
  490.000000 -0.464385E+00  0.165140E-01   0.000  1   CBMAMI_2015_LINTURI
  500.000000 -0.443981E+00  0.165140E-01   0.000  1   CBMAMI_2015_LINTURI
  520.000000 -0.386547E+00  0.212460E-01   0.000  1   CBMAMI_2015_LINTURI
  530.000000 -0.371491E+00  0.212460E-01   0.000  1   CBMAMI_2015_LINTURI
  550.000000 -0.365863E+00  0.225940E-01   0.000  1   CBMAMI_2015_LINTURI
  560.000000 -0.351029E+00  0.225940E-01   0.000  1   CBMAMI_2015_LINTURI
  580.000000 -0.291656E+00  0.376800E-01   0.000  1   CBMAMI_2015_LINTURI
  590.000000 -0.267084E+00  0.376800E-01   0.000  1   CBMAMI_2015_LINTURI
  610.000000 -0.248207E+00  0.346030E-01   0.000  1   CBMAMI_2015_LINTURI
  620.000000 -0.249424E+00  0.346030E-01   0.000  1   CBMAMI_2015_LINTURI
  640.000000 -0.253928E+00  0.732620E-01   0.000  1   CBMAMI_2015_LINTURI
  650.000000 -0.246660E+00  0.732620E-01   0.000  1   CBMAMI_2015_LINTURI
  670.000000 -0.197610E+00  0.244540E-01   0.000  1   CBMAMI_2015_LINTURI
  680.000000 -0.154281E+00  0.244540E-01   0.000  1   CBMAMI_2015_LINTURI
  700.000000 -0.512904E-01  0.444720E-01   0.000  1   CBMAMI_2015_LINTURI
  710.000000 -0.988249E-02  0.444720E-01   0.000  1   CBMAMI_2015_LINTURI
  730.000000  0.326778E-01  0.586540E-01   0.000  1   CBMAMI_2015_LINTURI
  740.000000  0.362051E-01  0.586540E-01   0.000  1   CBMAMI_2015_LINTURI
  760.000000  0.112135E-01  0.662700E-01   0.000  1   CBMAMI_2015_LINTURI
  770.000000 -0.167485E-01  0.662700E-01   0.000  1   CBMAMI_2015_LINTURI
  790.000000 -0.569155E-01  0.959710E-01   0.000  1   CBMAMI_2015_LINTURI
  800.000000 -0.332937E-01  0.959710E-01   0.000  1   CBMAMI_2015_LINTURI
  820.000000  0.751502E-01  0.773400E-01   0.000  1   CBMAMI_2015_LINTURI
  830.000000  0.103880E+00  0.773400E-01   0.000  1   CBMAMI_2015_LINTURI
  850.000000  0.955432E-01  0.435690E-01   0.000  1   CBMAMI_2015_LINTURI
  860.000000  0.102775E+00  0.435690E-01   0.000  1   CBMAMI_2015_LINTURI
  880.000000  0.142981E+00  0.817160E-01   0.000  1   CBMAMI_2015_LINTURI
  890.000000  0.133941E+00  0.817160E-01   0.000  1   CBMAMI_2015_LINTURI
  910.000000  0.697028E-01  0.564260E-01   0.000  1   CBMAMI_2015_LINTURI
  920.000000  0.660950E-01  0.564260E-01   0.000  1   CBMAMI_2015_LINTURI
  940.000000  0.122308E+00  0.351900E-01   0.000  1   CBMAMI_2015_LINTURI
  950.000000  0.135372E+00  0.351900E-01   0.000  1   CBMAMI_2015_LINTURI
  970.000000  0.971403E-01  0.112400E-01   0.000  1   CBMAMI_2015_LINTURI
  980.000000  0.659804E-01  0.112400E-01   0.000  1   CBMAMI_2015_LINTURI
 1000.000000  0.616357E-03  0.145530E+00   0.000  1   CBMAMI_2015_LINTURI
 1010.000000 -0.372802E-01  0.145530E+00   0.000  1   CBMAMI_2015_LINTURI
 1030.000000 -0.940501E-01  0.166667E+00   0.000  1   CBMAMI_2015_LINTURI
 1040.000000 -0.862114E-01  0.166667E+00   0.000  1   CBMAMI_2015_LINTURI
 1060.000000 -0.252731E-01  0.957200E-01   0.000  1   CBMAMI_2015_LINTURI
 1070.000000 -0.199553E-01  0.957200E-01   0.000  1   CBMAMI_2015_LINTURI
 1090.000000 -0.618960E-01  0.275680E-01   0.000  1   CBMAMI_2015_LINTURI
 1100.000000 -0.633126E-01  0.275680E-01   0.000  1   CBMAMI_2015_LINTURI
 1120.000000 -0.189188E-01  0.161884E+00   0.000  1   CBMAMI_2015_LINTURI
 1130.000000 -0.126369E-01  0.161884E+00   0.000  1   CBMAMI_2015_LINTURI
 1150.000000 -0.352140E-01  0.177590E+00   0.000  1   CBMAMI_2015_LINTURI
 1160.000000 -0.270707E-01  0.177590E+00   0.000  1   CBMAMI_2015_LINTURI
 1180.000000  0.280899E-01  0.692730E-01   0.000  1   CBMAMI_2015_LINTURI
 1190.000000  0.379471E-01  0.692730E-01   0.000  1   CBMAMI_2015_LINTURI
 1210.000000  0.559486E-02  0.198625E+00   0.000  1   CBMAMI_2015_LINTURI
 1220.000000 -0.122988E-01  0.198625E+00   0.000  1   CBMAMI_2015_LINTURI
 1240.000000 -0.305326E-01  0.180588E+00   0.000  1   CBMAMI_2015_LINTURI
 1250.000000 -0.389865E-01  0.180588E+00   0.000  1   CBMAMI_2015_LINTURI
 1270.000000 -0.666171E-01  0.103730E+00   0.000  1   CBMAMI_2015_LINTURI
 1280.000000 -0.870801E-01  0.103730E+00   0.000  1   CBMAMI_2015_LINTURI
 1300.000000 -0.157765E+00  0.233729E+00   0.000  1   CBMAMI_2015_LINTURI
 1310.000000 -0.219068E+00  0.233729E+00   0.000  1   CBMAMI_2015_LINTURI
 1330.000000 -0.318107E+00  0.216074E+00   0.000  1   CBMAMI_2015_LINTURI
 1340.000000 -0.286244E+00  0.216074E+00   0.000  1   CBMAMI_2015_LINTURI
 1360.000000 -0.117308E+00  0.107440E+00   0.000  1   CBMAMI_2015_LINTURI
 1370.000000 -0.948826E-01  0.107440E+00   0.000  1   CBMAMI_2015_LINTURI
 1390.000000 -0.245598E+00  0.293656E+00   0.000  1   CBMAMI_2015_LINTURI
    0.580100   40
  230.000000 -0.232419E+00  0.377470E-01   0.000  1   CBMAMI_2015_LINTURI
  250.000000 -0.340932E+00  0.121650E-01   0.000  1   CBMAMI_2015_LINTURI
  260.000000 -0.422338E+00  0.121650E-01   0.000  1   CBMAMI_2015_LINTURI
  280.000000 -0.584194E+00  0.982000E-02   0.000  1   CBMAMI_2015_LINTURI
  290.000000 -0.605408E+00  0.982000E-02   0.000  1   CBMAMI_2015_LINTURI
  310.000000 -0.538099E+00  0.107800E-01   0.000  1   CBMAMI_2015_LINTURI
  320.000000 -0.516289E+00  0.107800E-01   0.000  1   CBMAMI_2015_LINTURI
  320.000000 -0.516289E+00  0.107800E-01   0.000  1   CBMAMI_2015_LINTURI
  340.000000 -0.537783E+00  0.113260E-01   0.000  1   CBMAMI_2015_LINTURI
  350.000000 -0.546599E+00  0.113260E-01   0.000  1   CBMAMI_2015_LINTURI
  370.000000 -0.523764E+00  0.111620E-01   0.000  1   CBMAMI_2015_LINTURI
  380.000000 -0.498401E+00  0.111620E-01   0.000  1   CBMAMI_2015_LINTURI
  400.000000 -0.434648E+00  0.152220E-01   0.000  1   CBMAMI_2015_LINTURI
  410.000000 -0.401448E+00  0.152220E-01   0.000  1   CBMAMI_2015_LINTURI
  430.000000 -0.348522E+00  0.192460E-01   0.000  1   CBMAMI_2015_LINTURI
  440.000000 -0.336421E+00  0.192460E-01   0.000  1   CBMAMI_2015_LINTURI
  460.000000 -0.348274E+00  0.245210E-01   0.000  1   CBMAMI_2015_LINTURI
  470.000000 -0.370088E+00  0.245210E-01   0.000  1   CBMAMI_2015_LINTURI
  490.000000 -0.398037E+00  0.215150E-01   0.000  1   CBMAMI_2015_LINTURI
  500.000000 -0.369411E+00  0.215150E-01   0.000  1   CBMAMI_2015_LINTURI
  520.000000 -0.251780E+00  0.374480E-01   0.000  1   CBMAMI_2015_LINTURI
  530.000000 -0.216734E+00  0.374480E-01   0.000  1   CBMAMI_2015_LINTURI
  550.000000 -0.212078E+00  0.409700E-01   0.000  1   CBMAMI_2015_LINTURI
  560.000000 -0.202536E+00  0.409700E-01   0.000  1   CBMAMI_2015_LINTURI
  580.000000 -0.145195E+00  0.339560E-01   0.000  1   CBMAMI_2015_LINTURI
  590.000000 -0.119062E+00  0.339560E-01   0.000  1   CBMAMI_2015_LINTURI
  610.000000 -0.101929E+00  0.108070E-01   0.000  1   CBMAMI_2015_LINTURI
  620.000000 -0.112397E+00  0.108070E-01   0.000  1   CBMAMI_2015_LINTURI
  640.000000 -0.145513E+00  0.714180E-01   0.000  1   CBMAMI_2015_LINTURI
  650.000000 -0.146550E+00  0.714180E-01   0.000  1   CBMAMI_2015_LINTURI
  670.000000 -0.103796E+00  0.607800E-01   0.000  1   CBMAMI_2015_LINTURI
  680.000000 -0.707387E-01  0.607800E-01   0.000  1   CBMAMI_2015_LINTURI
  700.000000  0.238489E-02  0.637670E-01   0.000  1   CBMAMI_2015_LINTURI
  710.000000  0.403111E-01  0.637670E-01   0.000  1   CBMAMI_2015_LINTURI
  730.000000  0.975601E-01  0.438940E-01   0.000  1   CBMAMI_2015_LINTURI
  740.000000  0.102288E+00  0.438940E-01   0.000  1   CBMAMI_2015_LINTURI
  760.000000  0.773863E-01  0.597930E-01   0.000  1   CBMAMI_2015_LINTURI
  770.000000  0.729161E-01  0.597930E-01   0.000  1   CBMAMI_2015_LINTURI
  790.000000  0.106321E+00  0.588100E-01   0.000  1   CBMAMI_2015_LINTURI
  800.000000  0.139667E+00  0.588100E-01   0.000  1   CBMAMI_2015_LINTURI
  820.000000  0.221901E+00  0.594330E-01   0.000  1   CBMAMI_2015_LINTURI
  830.000000  0.261491E+00  0.594330E-01   0.000  1   CBMAMI_2015_LINTURI
  850.000000  0.320032E+00  0.509120E-01   0.000  1   CBMAMI_2015_LINTURI
  860.000000  0.334304E+00  0.509120E-01   0.000  1   CBMAMI_2015_LINTURI
  880.000000  0.326118E+00  0.531110E-01   0.000  1   CBMAMI_2015_LINTURI
  890.000000  0.303188E+00  0.531110E-01   0.000  1   CBMAMI_2015_LINTURI
  910.000000  0.252296E+00  0.897370E-01   0.000  1   CBMAMI_2015_LINTURI
  920.000000  0.249972E+00  0.897370E-01   0.000  1   CBMAMI_2015_LINTURI
  940.000000  0.249933E+00  0.886160E-01   0.000  1   CBMAMI_2015_LINTURI
  950.000000  0.194552E+00  0.886160E-01   0.000  1   CBMAMI_2015_LINTURI
  970.000000  0.109648E-01  0.129420E+00   0.000  1   CBMAMI_2015_LINTURI
  980.000000 -0.301986E-01  0.129420E+00   0.000  1   CBMAMI_2015_LINTURI
 1000.000000 -0.668774E-02  0.121527E+00   0.000  1   CBMAMI_2015_LINTURI
 1010.000000 -0.253275E-01  0.121527E+00   0.000  1   CBMAMI_2015_LINTURI
 1030.000000 -0.144145E+00  0.105667E+00   0.000  1   CBMAMI_2015_LINTURI
 1040.000000 -0.176841E+00  0.105667E+00   0.000  1   CBMAMI_2015_LINTURI
 1060.000000 -0.143136E+00  0.866700E-01   0.000  1   CBMAMI_2015_LINTURI
 1070.000000 -0.109139E+00  0.866700E-01   0.000  1   CBMAMI_2015_LINTURI
 1090.000000 -0.702749E-01  0.588100E-01   0.000  1   CBMAMI_2015_LINTURI
 1100.000000 -0.818862E-01  0.588100E-01   0.000  1   CBMAMI_2015_LINTURI
 1120.000000 -0.117458E+00  0.486920E-01   0.000  1   CBMAMI_2015_LINTURI
 1130.000000 -0.867615E-01  0.486920E-01   0.000  1   CBMAMI_2015_LINTURI
 1150.000000  0.410164E-01  0.185374E+00   0.000  1   CBMAMI_2015_LINTURI
 1160.000000  0.597233E-01  0.185374E+00   0.000  1   CBMAMI_2015_LINTURI
 1180.000000 -0.147963E-01  0.160512E+00   0.000  1   CBMAMI_2015_LINTURI
 1190.000000 -0.463519E-01  0.160512E+00   0.000  1   CBMAMI_2015_LINTURI
 1210.000000 -0.444488E-01  0.151411E+00   0.000  1   CBMAMI_2015_LINTURI
 1220.000000 -0.310246E-01  0.151411E+00   0.000  1   CBMAMI_2015_LINTURI
 1240.000000 -0.274582E-03  0.150490E+00   0.000  1   CBMAMI_2015_LINTURI
 1250.000000  0.209316E-01  0.150490E+00   0.000  1   CBMAMI_2015_LINTURI
 1270.000000  0.609829E-01  0.106850E+00   0.000  1   CBMAMI_2015_LINTURI
 1280.000000  0.647445E-01  0.106850E+00   0.000  1   CBMAMI_2015_LINTURI
 1300.000000  0.345921E-01  0.201470E+00   0.000  1   CBMAMI_2015_LINTURI
 1310.000000  0.115750E-01  0.201470E+00   0.000  1   CBMAMI_2015_LINTURI
 1330.000000 -0.548193E-01  0.188040E+00   0.000  1   CBMAMI_2015_LINTURI
 1340.000000 -0.112548E+00  0.188040E+00   0.000  1   CBMAMI_2015_LINTURI
 1360.000000 -0.265458E+00  0.152593E+00   0.000  1   CBMAMI_2015_LINTURI
 1370.000000 -0.337072E+00  0.152593E+00   0.000  1   CBMAMI_2015_LINTURI
 1390.000000 -0.451542E+00  0.115076E+00   0.000  1   CBMAMI_2015_LINTURI
    0.750000   40
  230.000000 -0.145441E+00  0.245820E-01   0.000  1   CBMAMI_2015_LINTURI
  250.000000 -0.120170E+00  0.274660E-01   0.000  1   CBMAMI_2015_LINTURI
  260.000000 -0.141349E+00  0.274660E-01   0.000  1   CBMAMI_2015_LINTURI
  280.000000 -0.230359E+00  0.156040E-01   0.000  1   CBMAMI_2015_LINTURI
  290.000000 -0.261394E+00  0.156040E-01   0.000  1   CBMAMI_2015_LINTURI
  310.000000 -0.268687E+00  0.114200E-01   0.000  1   CBMAMI_2015_LINTURI
  320.000000 -0.260002E+00  0.114200E-01   0.000  1   CBMAMI_2015_LINTURI
  320.000000 -0.260002E+00  0.114200E-01   0.000  1   CBMAMI_2015_LINTURI
  340.000000 -0.246913E+00  0.173180E-01   0.000  1   CBMAMI_2015_LINTURI
  350.000000 -0.249736E+00  0.173180E-01   0.000  1   CBMAMI_2015_LINTURI
  370.000000 -0.254955E+00  0.164350E-01   0.000  1   CBMAMI_2015_LINTURI
  380.000000 -0.235446E+00  0.164350E-01   0.000  1   CBMAMI_2015_LINTURI
  400.000000 -0.163074E+00  0.361770E-01   0.000  1   CBMAMI_2015_LINTURI
  410.000000 -0.140643E+00  0.361770E-01   0.000  1   CBMAMI_2015_LINTURI
  430.000000 -0.142943E+00  0.372210E-01   0.000  1   CBMAMI_2015_LINTURI
  440.000000 -0.152427E+00  0.372210E-01   0.000  1   CBMAMI_2015_LINTURI
  460.000000 -0.152440E+00  0.461390E-01   0.000  1   CBMAMI_2015_LINTURI
  470.000000 -0.130669E+00  0.461390E-01   0.000  1   CBMAMI_2015_LINTURI
  490.000000 -0.668923E-01  0.277160E-01   0.000  1   CBMAMI_2015_LINTURI
  500.000000 -0.550743E-01  0.277160E-01   0.000  1   CBMAMI_2015_LINTURI
  520.000000 -0.613629E-01  0.251610E-01   0.000  1   CBMAMI_2015_LINTURI
  530.000000 -0.414176E-01  0.251610E-01   0.000  1   CBMAMI_2015_LINTURI
  550.000000  0.514591E-01  0.914680E-01   0.000  1   CBMAMI_2015_LINTURI
  560.000000  0.915285E-01  0.914680E-01   0.000  1   CBMAMI_2015_LINTURI
  580.000000  0.131655E+00  0.980240E-01   0.000  1   CBMAMI_2015_LINTURI
  590.000000  0.143284E+00  0.980240E-01   0.000  1   CBMAMI_2015_LINTURI
  610.000000  0.151909E+00  0.998050E-01   0.000  1   CBMAMI_2015_LINTURI
  620.000000  0.138950E+00  0.998050E-01   0.000  1   CBMAMI_2015_LINTURI
  640.000000  0.897858E-01  0.600440E-01   0.000  1   CBMAMI_2015_LINTURI
  650.000000  0.725383E-01  0.600440E-01   0.000  1   CBMAMI_2015_LINTURI
  670.000000  0.689981E-01  0.947200E-01   0.000  1   CBMAMI_2015_LINTURI
  680.000000  0.766040E-01  0.947200E-01   0.000  1   CBMAMI_2015_LINTURI
  700.000000  0.111290E+00  0.164430E-01   0.000  1   CBMAMI_2015_LINTURI
  710.000000  0.144861E+00  0.164430E-01   0.000  1   CBMAMI_2015_LINTURI
  730.000000  0.207111E+00  0.429410E-01   0.000  1   CBMAMI_2015_LINTURI
  740.000000  0.200259E+00  0.429410E-01   0.000  1   CBMAMI_2015_LINTURI
  760.000000  0.136077E+00  0.259800E-01   0.000  1   CBMAMI_2015_LINTURI
  770.000000  0.134183E+00  0.259800E-01   0.000  1   CBMAMI_2015_LINTURI
  790.000000  0.221950E+00  0.336580E-01   0.000  1   CBMAMI_2015_LINTURI
  800.000000  0.280318E+00  0.336580E-01   0.000  1   CBMAMI_2015_LINTURI
  820.000000  0.368105E+00  0.421600E-01   0.000  1   CBMAMI_2015_LINTURI
  830.000000  0.383734E+00  0.421600E-01   0.000  1   CBMAMI_2015_LINTURI
  850.000000  0.361506E+00  0.694530E-01   0.000  1   CBMAMI_2015_LINTURI
  860.000000  0.339470E+00  0.694530E-01   0.000  1   CBMAMI_2015_LINTURI
  880.000000  0.289429E+00  0.518830E-01   0.000  1   CBMAMI_2015_LINTURI
  890.000000  0.258213E+00  0.518830E-01   0.000  1   CBMAMI_2015_LINTURI
  910.000000  0.201573E+00  0.807620E-01   0.000  1   CBMAMI_2015_LINTURI
  920.000000  0.193286E+00  0.807620E-01   0.000  1   CBMAMI_2015_LINTURI
  940.000000  0.162991E+00  0.107184E+00   0.000  1   CBMAMI_2015_LINTURI
  950.000000  0.823729E-01  0.107184E+00   0.000  1   CBMAMI_2015_LINTURI
  970.000000 -0.148522E+00  0.951300E-01   0.000  1   CBMAMI_2015_LINTURI
  980.000000 -0.192588E+00  0.951300E-01   0.000  1   CBMAMI_2015_LINTURI
 1000.000000 -0.132362E+00  0.113737E+00   0.000  1   CBMAMI_2015_LINTURI
 1010.000000 -0.129728E+00  0.113737E+00   0.000  1   CBMAMI_2015_LINTURI
 1030.000000 -0.220191E+00  0.110936E+00   0.000  1   CBMAMI_2015_LINTURI
 1040.000000 -0.243122E+00  0.110936E+00   0.000  1   CBMAMI_2015_LINTURI
 1060.000000 -0.196661E+00  0.154930E+00   0.000  1   CBMAMI_2015_LINTURI
 1070.000000 -0.160746E+00  0.154930E+00   0.000  1   CBMAMI_2015_LINTURI
 1090.000000 -0.105930E+00  0.326480E-01   0.000  1   CBMAMI_2015_LINTURI
 1100.000000 -0.862913E-01  0.326480E-01   0.000  1   CBMAMI_2015_LINTURI
 1120.000000 -0.543476E-01  0.704450E-01   0.000  1   CBMAMI_2015_LINTURI
 1130.000000 -0.367785E-01  0.704450E-01   0.000  1   CBMAMI_2015_LINTURI
 1150.000000 -0.700326E-02  0.714900E-01   0.000  1   CBMAMI_2015_LINTURI
 1160.000000 -0.669481E-02  0.714900E-01   0.000  1   CBMAMI_2015_LINTURI
 1180.000000 -0.350560E-01  0.163330E+00   0.000  1   CBMAMI_2015_LINTURI
 1190.000000 -0.515754E-01  0.163330E+00   0.000  1   CBMAMI_2015_LINTURI
 1210.000000 -0.673595E-01  0.159526E+00   0.000  1   CBMAMI_2015_LINTURI
 1220.000000 -0.616475E-01  0.159526E+00   0.000  1   CBMAMI_2015_LINTURI
 1240.000000 -0.296166E-01  0.125986E+00   0.000  1   CBMAMI_2015_LINTURI
 1250.000000 -0.134542E-01  0.125986E+00   0.000  1   CBMAMI_2015_LINTURI
 1270.000000 -0.382121E-02  0.136481E+00   0.000  1   CBMAMI_2015_LINTURI
 1280.000000 -0.178798E-01  0.136481E+00   0.000  1   CBMAMI_2015_LINTURI
 1300.000000 -0.387909E-01  0.139160E+00   0.000  1   CBMAMI_2015_LINTURI
 1310.000000 -0.357367E-02  0.139160E+00   0.000  1   CBMAMI_2015_LINTURI
 1330.000000  0.100125E+00  0.224527E+00   0.000  1   CBMAMI_2015_LINTURI
 1340.000000  0.816013E-01  0.224527E+00   0.000  1   CBMAMI_2015_LINTURI
 1360.000000 -0.738179E-01  0.278176E+00   0.000  1   CBMAMI_2015_LINTURI
 1370.000000 -0.106068E+00  0.278176E+00   0.000  1   CBMAMI_2015_LINTURI
 1390.000000 -0.798568E-02  0.203019E+00   0.000  1   CBMAMI_2015_LINTURI
    0.920000   40
  230.000000  0.136070E+00  0.531190E-01   0.000  1   CBMAMI_2015_LINTURI
  250.000000  0.211156E+00  0.174000E-01   0.000  1   CBMAMI_2015_LINTURI
  260.000000  0.231834E+00  0.174000E-01   0.000  1   CBMAMI_2015_LINTURI
  280.000000  0.235051E+00  0.158110E-01   0.000  1   CBMAMI_2015_LINTURI
  290.000000  0.224425E+00  0.158110E-01   0.000  1   CBMAMI_2015_LINTURI
  310.000000  0.203012E+00  0.147750E-01   0.000  1   CBMAMI_2015_LINTURI
  320.000000  0.204306E+00  0.147750E-01   0.000  1   CBMAMI_2015_LINTURI
  320.000000  0.204306E+00  0.147750E-01   0.000  1   CBMAMI_2015_LINTURI
  340.000000  0.220532E+00  0.138290E-01   0.000  1   CBMAMI_2015_LINTURI
  350.000000  0.215550E+00  0.138290E-01   0.000  1   CBMAMI_2015_LINTURI
  370.000000  0.188796E+00  0.188070E-01   0.000  1   CBMAMI_2015_LINTURI
  380.000000  0.194305E+00  0.188070E-01   0.000  1   CBMAMI_2015_LINTURI
  400.000000  0.253336E+00  0.135780E-01   0.000  1   CBMAMI_2015_LINTURI
  410.000000  0.287521E+00  0.135780E-01   0.000  1   CBMAMI_2015_LINTURI
  430.000000  0.346138E+00  0.118630E-01   0.000  1   CBMAMI_2015_LINTURI
  440.000000  0.374974E+00  0.118630E-01   0.000  1   CBMAMI_2015_LINTURI
  460.000000  0.423858E+00  0.185650E-01   0.000  1   CBMAMI_2015_LINTURI
  470.000000  0.433158E+00  0.185650E-01   0.000  1   CBMAMI_2015_LINTURI
  490.000000  0.416230E+00  0.227730E-01   0.000  1   CBMAMI_2015_LINTURI
  500.000000  0.396957E+00  0.227730E-01   0.000  1   CBMAMI_2015_LINTURI
  520.000000  0.382435E+00  0.226130E-01   0.000  1   CBMAMI_2015_LINTURI
  530.000000  0.415593E+00  0.226130E-01   0.000  1   CBMAMI_2015_LINTURI
  550.000000  0.521120E+00  0.268610E-01   0.000  1   CBMAMI_2015_LINTURI
  560.000000  0.532811E+00  0.268610E-01   0.000  1   CBMAMI_2015_LINTURI
  580.000000  0.469347E+00  0.349060E-01   0.000  1   CBMAMI_2015_LINTURI
  590.000000  0.451082E+00  0.349060E-01   0.000  1   CBMAMI_2015_LINTURI
  610.000000  0.470816E+00  0.340200E-01   0.000  1   CBMAMI_2015_LINTURI
  620.000000  0.474654E+00  0.340200E-01   0.000  1   CBMAMI_2015_LINTURI
  640.000000  0.445197E+00  0.389950E-01   0.000  1   CBMAMI_2015_LINTURI
  650.000000  0.426781E+00  0.389950E-01   0.000  1   CBMAMI_2015_LINTURI
  670.000000  0.396466E+00  0.459310E-01   0.000  1   CBMAMI_2015_LINTURI
  680.000000  0.380471E+00  0.459310E-01   0.000  1   CBMAMI_2015_LINTURI
  700.000000  0.359848E+00  0.143540E-01   0.000  1   CBMAMI_2015_LINTURI
  710.000000  0.369395E+00  0.143540E-01   0.000  1   CBMAMI_2015_LINTURI
  730.000000  0.398041E+00  0.114890E-01   0.000  1   CBMAMI_2015_LINTURI
  740.000000  0.379725E+00  0.114890E-01   0.000  1   CBMAMI_2015_LINTURI
  760.000000  0.311949E+00  0.411700E-01   0.000  1   CBMAMI_2015_LINTURI
  770.000000  0.326287E+00  0.411700E-01   0.000  1   CBMAMI_2015_LINTURI
  790.000000  0.439001E+00  0.940190E-01   0.000  1   CBMAMI_2015_LINTURI
  800.000000  0.464153E+00  0.940190E-01   0.000  1   CBMAMI_2015_LINTURI
  820.000000  0.453936E+00  0.952320E-01   0.000  1   CBMAMI_2015_LINTURI
  830.000000  0.492692E+00  0.952320E-01   0.000  1   CBMAMI_2015_LINTURI
  850.000000  0.601297E+00  0.474610E-01   0.000  1   CBMAMI_2015_LINTURI
  860.000000  0.553059E+00  0.474610E-01   0.000  1   CBMAMI_2015_LINTURI
  880.000000  0.298345E+00  0.487390E-01   0.000  1   CBMAMI_2015_LINTURI
  890.000000  0.246614E+00  0.487390E-01   0.000  1   CBMAMI_2015_LINTURI
  910.000000  0.346606E+00  0.795860E-01   0.000  1   CBMAMI_2015_LINTURI
  920.000000  0.383683E+00  0.795860E-01   0.000  1   CBMAMI_2015_LINTURI
  940.000000  0.290519E+00  0.147553E+00   0.000  1   CBMAMI_2015_LINTURI
  950.000000  0.165414E+00  0.147553E+00   0.000  1   CBMAMI_2015_LINTURI
  970.000000 -0.136005E+00  0.819910E-01   0.000  1   CBMAMI_2015_LINTURI
  980.000000 -0.235221E+00  0.819910E-01   0.000  1   CBMAMI_2015_LINTURI
 1000.000000 -0.269666E+00  0.684860E-01   0.000  1   CBMAMI_2015_LINTURI
 1010.000000 -0.234266E+00  0.684860E-01   0.000  1   CBMAMI_2015_LINTURI
 1030.000000 -0.170969E+00  0.109370E+00   0.000  1   CBMAMI_2015_LINTURI
 1040.000000 -0.200679E+00  0.109370E+00   0.000  1   CBMAMI_2015_LINTURI
 1060.000000 -0.282916E+00  0.786240E-01   0.000  1   CBMAMI_2015_LINTURI
 1070.000000 -0.201106E+00  0.786240E-01   0.000  1   CBMAMI_2015_LINTURI
 1090.000000  0.138616E+00  0.179984E+00   0.000  1   CBMAMI_2015_LINTURI
 1100.000000  0.207753E+00  0.179984E+00   0.000  1   CBMAMI_2015_LINTURI
 1120.000000  0.699010E-01  0.137378E+00   0.000  1   CBMAMI_2015_LINTURI
 1130.000000 -0.593634E-02  0.137378E+00   0.000  1   CBMAMI_2015_LINTURI
 1150.000000  0.363192E-02  0.858490E-01   0.000  1   CBMAMI_2015_LINTURI
 1160.000000  0.930791E-01  0.858490E-01   0.000  1   CBMAMI_2015_LINTURI
 1180.000000  0.282999E+00  0.180896E+00   0.000  1   CBMAMI_2015_LINTURI
 1190.000000  0.257608E+00  0.180896E+00   0.000  1   CBMAMI_2015_LINTURI
 1210.000000  0.526853E-01  0.147103E+00   0.000  1   CBMAMI_2015_LINTURI
 1220.000000  0.653081E-01  0.147103E+00   0.000  1   CBMAMI_2015_LINTURI
 1240.000000  0.297062E+00  0.156021E+00   0.000  1   CBMAMI_2015_LINTURI
 1250.000000  0.306006E+00  0.156021E+00   0.000  1   CBMAMI_2015_LINTURI
 1270.000000  0.833576E-01  0.100320E+00   0.000  1   CBMAMI_2015_LINTURI
 1280.000000  0.411343E-01  0.100320E+00   0.000  1   CBMAMI_2015_LINTURI
 1300.000000  0.126980E+00  0.200612E+00   0.000  1   CBMAMI_2015_LINTURI
 1310.000000  0.905666E-01  0.200612E+00   0.000  1   CBMAMI_2015_LINTURI
 1330.000000 -0.144548E+00  0.242958E+00   0.000  1   CBMAMI_2015_LINTURI
 1340.000000 -0.180824E+00  0.242958E+00   0.000  1   CBMAMI_2015_LINTURI
 1360.000000 -0.301114E-01  0.299708E+00   0.000  1   CBMAMI_2015_LINTURI
 1370.000000  0.410914E-01  0.299708E+00   0.000  1   CBMAMI_2015_LINTURI
 1390.000000  0.696812E-01  0.249791E+00   0.000  1   CBMAMI_2015_LINTURI