   12
   -0.9200   40
  225.000000    0.700449    0.059329
  255.000000    0.518165    0.048439
  285.000000    0.535894    0.039399
  315.000000    0.515334    0.068230
  345.000000    0.584360    0.070806
  375.000000    0.551249    0.095190
  405.000000    0.421423    0.051382
  435.000000    0.502240    0.061899
  465.000000    0.236099    0.099447
  495.000000    0.304604    0.075461
  525.000000    0.209960    0.068486
  555.000000    0.505480    0.051310
  585.000000    0.685519    0.065563
  615.000000    0.620832    0.059760
  645.000000    0.849236    0.050331
  675.000000    0.866289    0.023443
  705.000000    0.805625    0.021039
  735.000000    0.724500    0.040490
  765.000000    0.613282    0.050940
  795.000000    0.506498    0.053350
  825.000000    0.465282    0.093360
  855.000000    0.348760    0.088629
  885.000000    0.261465    0.097806
  915.000000    0.195131    0.041864
  945.000000    0.169928    0.165590
  975.000000    0.043140    0.089320
 1005.000000    0.034228    0.180055
 1035.000000    0.144217    0.193259
 1065.000000    0.260017    0.192163
 1095.000000    0.416735    0.253179
 1125.000000    0.398056    0.167872
 1155.000000    0.365119    0.260270
 1185.000000    0.352349    0.328736
 1215.000000    0.294028    0.158688
 1245.000000    0.502659    0.202009
 1275.000000    0.265854    0.305089
 1305.000000    0.362577    0.201081
 1335.000000    0.098088    0.316060
 1365.000000   -0.062682    0.273897
 1395.000000    0.307607    0.157981
   -0.7500   40
  225.000000    0.464106    0.055964
  255.000000    0.127578    0.040449
  285.000000    0.006479    0.069884
  315.000000    0.002707    0.085702
  345.000000   -0.045618    0.098098
  375.000000   -0.127632    0.066526
  405.000000   -0.159948    0.060334
  435.000000   -0.214134    0.015127
  465.000000   -0.316164    0.057558
  495.000000   -0.252187    0.077495
  525.000000   -0.267521    0.015470
  555.000000    0.071638    0.035251
  585.000000    0.334991    0.025669
  615.000000    0.479676    0.038954
  645.000000    0.599512    0.080973
  675.000000    0.623896    0.091358
  705.000000    0.553618    0.043210
  735.000000    0.468081    0.076122
  765.000000    0.285128    0.048793
  795.000000    0.247202    0.049175
  825.000000    0.189521    0.098328
  855.000000    0.002098    0.075630
  885.000000   -0.174374    0.095420
  915.000000   -0.246705    0.033642
  945.000000   -0.452002    0.035880
  975.000000   -0.471282    0.091490
 1005.000000   -0.473676    0.155099
 1035.000000   -0.525132    0.076252
 1065.000000   -0.369196    0.089529
 1095.000000   -0.370328    0.109967
 1125.000000   -0.166819    0.051078
 1155.000000   -0.139095    0.181530
 1185.000000   -0.304579    0.113277
 1215.000000   -0.364420    0.178746
 1245.000000   -0.208811    0.161945
 1275.000000   -0.196804    0.194659
 1305.000000   -0.089328    0.216510
 1335.000000   -0.239026    0.271160
 1365.000000   -0.144475    0.203701
 1395.000000   -0.175963    0.268723
   -0.5800   40
  225.000000    0.098863    0.393023
  255.000000   -0.256804    0.045539
  285.000000   -0.403950    0.019615
  315.000000   -0.431438    0.016328
  345.000000   -0.399711    0.022421
  375.000000   -0.505384    0.024138
  405.000000   -0.467248    0.030533
  435.000000   -0.462681    0.034121
  465.000000   -0.462473    0.051559
  495.000000   -0.429527    0.053080
  525.000000   -0.382494    0.099787
  555.000000   -0.099280    0.050147
  585.000000    0.136152    0.073807
  615.000000    0.299648    0.021434
  645.000000    0.336451    0.071523
  675.000000    0.348304    0.056078
  705.000000    0.392894    0.053742
  735.000000    0.292298    0.027863
  765.000000    0.128802    0.008823
  795.000000    0.060781    0.036250
  825.000000   -0.020233    0.054305
  855.000000   -0.205089    0.050764
  885.000000   -0.329218    0.042041
  915.000000   -0.473222    0.053041
  945.000000   -0.557907    0.067267
  975.000000   -0.605094    0.062298
 1005.000000   -0.643493    0.058092
 1035.000000   -0.644539    0.051930
 1065.000000   -0.645374    0.063041
 1095.000000   -0.623150    0.083832
 1125.000000   -0.637790    0.107099
 1155.000000   -0.483900    0.127534
 1185.000000   -0.568506    0.108013
 1215.000000   -0.596300    0.099143
 1245.000000   -0.510701    0.097824
 1275.000000   -0.539457    0.149028
 1305.000000   -0.507339    0.202114
 1335.000000   -0.344973    0.254442
 1365.000000   -0.236235    0.217353
 1395.000000    0.046864    0.244490
   -0.4167   40
  225.000000   -0.390618    0.091204
  255.000000   -0.615501    0.018083
  285.000000   -0.568953    0.013879
  315.000000   -0.651025    0.011503
  345.000000   -0.633256    0.013073
  375.000000   -0.631593    0.016411
  405.000000   -0.618148    0.019146
  435.000000   -0.609484    0.018859
  465.000000   -0.595213    0.025008
  495.000000   -0.559195    0.031292
  525.000000   -0.416991    0.040688
  555.000000   -0.209378    0.096518
  585.000000   -0.027739    0.057410
  615.000000    0.117027    0.068016
  645.000000    0.196828    0.071772
  675.000000    0.194333    0.089825
  705.000000    0.293164    0.045677
  735.000000    0.213692    0.045933
  765.000000    0.050321    0.033350
  795.000000    0.047133    0.052246
  825.000000   -0.107359    0.078680
  855.000000   -0.270872    0.037146
  885.000000   -0.340244    0.005942
  915.000000   -0.506324    0.056680
  945.000000   -0.591933    0.062390
  975.000000   -0.706511    0.044646
 1005.000000   -0.673264    0.058211
 1035.000000   -0.651315    0.054691
 1065.000000   -0.703551    0.061601
 1095.000000   -0.659430    0.062308
 1125.000000   -0.642934    0.111570
 1155.000000   -0.616514    0.105995
 1185.000000   -0.605490    0.077785
 1215.000000   -0.653315    0.093462
 1245.000000   -0.663279    0.076644
 1275.000000   -0.551502    0.125076
 1305.000000   -0.458737    0.227245
 1335.000000   -0.353959    0.285064
 1365.000000   -0.123304    0.227880
 1395.000000   -0.041097    0.200785
   -0.2497   40
  225.000000   -0.993852    0.066397
  255.000000   -0.762105    0.019250
  285.000000   -0.719517    0.012803
  315.000000   -0.767191    0.009761
  345.000000   -0.718710    0.013386
  375.000000   -0.706186    0.012767
  405.000000   -0.695177    0.012645
  435.000000   -0.645085    0.015436
  465.000000   -0.600967    0.022831
  495.000000   -0.594820    0.070991
  525.000000   -0.463307    0.022274
  555.000000   -0.248217    0.070483
  585.000000   -0.176173    0.020429
  615.000000   -0.038440    0.096320
  645.000000   -0.015686    0.062030
  675.000000    0.038594    0.082250
  705.000000    0.156076    0.060414
  735.000000    0.109648    0.018931
  765.000000    0.019641    0.021449
  795.000000   -0.040493    0.061582
  825.000000   -0.124301    0.066182
  855.000000   -0.257578    0.021579
  885.000000   -0.345612    0.077676
  915.000000   -0.484140    0.052751
  945.000000   -0.558382    0.051448
  975.000000   -0.622471    0.040159
 1005.000000   -0.676839    0.049751
 1035.000000   -0.568675    0.065293
 1065.000000   -0.660611    0.049416
 1095.000000   -0.573618    0.045514
 1125.000000   -0.437852    0.081672
 1155.000000   -0.493732    0.096407
 1185.000000   -0.437737    0.129307
 1215.000000   -0.438708    0.107697
 1245.000000   -0.403978    0.186756
 1275.000000   -0.229686    0.183690
 1305.000000   -0.475842    0.159992
 1335.000000   -0.154525    0.258693
 1365.000000   -0.005482    0.124750
 1395.000000   -0.199402    0.258666
   -0.0801   40
  225.000000   -0.467335    0.106000
  255.000000   -0.879317    0.018085
  285.000000   -0.808397    0.011130
  315.000000   -0.797276    0.008856
  345.000000   -0.825336    0.011349
  375.000000   -0.725253    0.011774
  405.000000   -0.725485    0.013681
  435.000000   -0.673883    0.014001
  465.000000   -0.643593    0.017759
  495.000000   -0.593045    0.016591
  525.000000   -0.471576    0.020758
  555.000000   -0.286410    0.043346
  585.000000   -0.219824    0.058250
  615.000000   -0.157751    0.087357
  645.000000   -0.085574    0.022910
  675.000000   -0.060669    0.030053
  705.000000    0.098553    0.050185
  735.000000    0.007216    0.062750
  765.000000   -0.011673    0.027311
  795.000000   -0.076676    0.044474
  825.000000   -0.092233    0.033000
  855.000000   -0.227246    0.055681
  885.000000   -0.327981    0.071044
  915.000000   -0.373994    0.050381
  945.000000   -0.522288    0.059676
  975.000000   -0.517262    0.055799
 1005.000000   -0.515699    0.043556
 1035.000000   -0.377803    0.075802
 1065.000000   -0.454497    0.072690
 1095.000000   -0.380399    0.108918
 1125.000000   -0.229310    0.151254
 1155.000000   -0.175837    0.103832
 1185.000000   -0.228517    0.191650
 1215.000000   -0.186496    0.305456
 1245.000000   -0.272787    0.208511
 1275.000000   -0.137091    0.184734
 1305.000000   -0.331178    0.156664
 1335.000000   -0.258859    0.224652
 1365.000000   -0.334786    0.145942
 1395.000000   -0.076203    0.330760
    0.0795   40
  225.000000   -0.537439    0.033682
  255.000000   -0.902465    0.015621
  285.000000   -0.807411    0.010057
  315.000000   -0.855780    0.007884
  345.000000   -0.831448    0.010470
  375.000000   -0.747834    0.010337
  405.000000   -0.750820    0.013200
  435.000000   -0.719950    0.012340
  465.000000   -0.620696    0.016432
  495.000000   -0.551018    0.018112
  525.000000   -0.492544    0.022018
  555.000000   -0.366913    0.022292
  585.000000   -0.245437    0.056537
  615.000000   -0.192827    0.043562
  645.000000   -0.168637    0.039761
  675.000000   -0.165304    0.072066
  705.000000   -0.013802    0.035678
  735.000000   -0.018377    0.035628
  765.000000   -0.083783    0.018687
  795.000000   -0.067850    0.053454
  825.000000   -0.017182    0.081680
  855.000000   -0.138921    0.032314
  885.000000   -0.215409    0.032080
  915.000000   -0.257827    0.108861
  945.000000   -0.353027    0.041950
  975.000000   -0.448780    0.083437
 1005.000000   -0.309759    0.080858
 1035.000000   -0.190387    0.147977
 1065.000000   -0.228626    0.063031
 1095.000000   -0.167887    0.092591
 1125.000000   -0.032828    0.140436
 1155.000000    0.037810    0.131633
 1185.000000    0.061720    0.109640
 1215.000000   -0.066120    0.139573
 1245.000000   -0.138219    0.202210
 1275.000000   -0.089791    0.155502
 1305.000000   -0.137241    0.247950
 1335.000000   -0.357805    0.253013
 1365.000000   -0.203583    0.213840
 1395.000000   -0.169444    0.228031
    0.2498   40
  225.000000   -0.554408    0.022386
  255.000000   -0.806250    0.017146
  285.000000   -0.812453    0.009445
  315.000000   -0.783000    0.008144
  345.000000   -0.799030    0.009749
  375.000000   -0.718875    0.009626
  405.000000   -0.640355    0.013817
  435.000000   -0.656023    0.011190
  465.000000   -0.549493    0.018165
  495.000000   -0.553680    0.016688
  525.000000   -0.455976    0.022587
  555.000000   -0.416681    0.021074
  585.000000   -0.275348    0.041952
  615.000000   -0.271645    0.065681
  645.000000   -0.295453    0.043247
  675.000000   -0.147548    0.099674
  705.000000   -0.038725    0.076885
  735.000000   -0.000249    0.051258
  765.000000   -0.036994    0.053508
  795.000000   -0.078120    0.032842
  825.000000    0.038679    0.035406
  855.000000   -0.057174    0.029753
  885.000000   -0.104524    0.061027
  915.000000   -0.142600    0.029084
  945.000000   -0.132328    0.021975
  975.000000   -0.199669    0.082310
 1005.000000   -0.013956    0.164430
 1035.000000    0.000273    0.129837
 1065.000000   -0.105081    0.075940
 1095.000000   -0.023503    0.098540
 1125.000000    0.003787    0.087290
 1155.000000    0.069721    0.149252
 1185.000000    0.061395    0.166240
 1215.000000   -0.005275    0.141120
 1245.000000   -0.050562    0.157970
 1275.000000   -0.011760    0.176820
 1305.000000   -0.189601    0.230628
 1335.000000   -0.002401    0.204036
 1365.000000   -0.293060    0.178251
 1395.000000   -0.176565    0.290060
    0.4200   40
  225.000000   -0.065988    0.242756
  255.000000   -0.624835    0.014281
  285.000000   -0.725645    0.009697
  315.000000   -0.711887    0.009091
  345.000000   -0.685655    0.010707
  375.000000   -0.653835    0.009055
  405.000000   -0.549960    0.012928
  435.000000   -0.599276    0.011910
  465.000000   -0.503510    0.017783
  495.000000   -0.455865    0.016514
  525.000000   -0.376893    0.021246
  555.000000   -0.360563    0.022594
  585.000000   -0.277975    0.037680
  615.000000   -0.248197    0.034603
  645.000000   -0.251606    0.073262
  675.000000   -0.177511    0.024454
  705.000000   -0.028865    0.044472
  735.000000    0.035795    0.058654
  765.000000   -0.001647    0.066270
  795.000000   -0.050271    0.095971
  825.000000    0.094216    0.077340
  855.000000    0.096188    0.043569
  885.000000    0.142756    0.081716
  915.000000    0.063171    0.056426
  945.000000    0.132320    0.035190
  975.000000    0.081574    0.011240
 1005.000000   -0.017813    0.145530
 1035.000000   -0.094265    0.166667
 1065.000000   -0.018357    0.095720
 1095.000000   -0.066336    0.027568
 1125.000000   -0.012647    0.161884
 1155.000000   -0.034440    0.177590
 1185.000000    0.036230    0.069273
 1215.000000   -0.004382    0.198625
 1245.000000   -0.034402    0.180588
 1275.000000   -0.076190    0.103730
 1305.000000   -0.185989    0.233729
 1335.000000   -0.311907    0.216074
 1365.000000   -0.095532    0.107440
 1395.000000   -0.302444    0.293656
    0.5801   40
  225.000000   -0.210669    0.037747
  255.000000   -0.378817    0.012165
  285.000000   -0.602409    0.009820
  315.000000   -0.523061    0.010780
  345.000000   -0.544043    0.011326
  375.000000   -0.511900    0.011162
  405.000000   -0.417879    0.015222
  435.000000   -0.340913    0.019246
  465.000000   -0.358104    0.024521
  495.000000   -0.388754    0.021515
  525.000000   -0.229786    0.037448
  555.000000   -0.209797    0.040970
  585.000000   -0.130834    0.033956
  615.000000   -0.105602    0.010807
  645.000000   -0.148337    0.071418
  675.000000   -0.087699    0.060780
  705.000000    0.021391    0.063767
  735.000000    0.102527    0.043894
  765.000000    0.073270    0.059793
  795.000000    0.121877    0.058810
  825.000000    0.242292    0.059433
  855.000000    0.328644    0.050912
  885.000000    0.316141    0.053111
  915.000000    0.248187    0.089737
  945.000000    0.229335    0.088616
  975.000000   -0.017780    0.129420
 1005.000000   -0.009634    0.121527
 1035.000000   -0.165925    0.105667
 1065.000000   -0.125885    0.086670
 1095.000000   -0.072925    0.058810
 1125.000000   -0.108512    0.048692
 1155.000000    0.057743    0.185374
 1185.000000   -0.034018    0.160512
 1215.000000   -0.037783    0.151411
 1245.000000    0.009702    0.150490
 1275.000000    0.064913    0.106850
 1305.000000    0.023263    0.201470
 1335.000000   -0.081026    0.188040
 1365.000000   -0.302791    0.152593
 1395.000000   -0.477327    0.115076
    0.7500   40
  225.000000   -0.158380    0.024582
  255.000000   -0.127095    0.027466
  285.000000   -0.248744    0.015604
  315.000000   -0.264590    0.011420
  345.000000   -0.247287    0.017318
  375.000000   -0.247995    0.016435
  405.000000   -0.149277    0.036177
  435.000000   -0.147799    0.037221
  465.000000   -0.143841    0.046139
  495.000000   -0.057984    0.027716
  525.000000   -0.055055    0.025161
  555.000000    0.073600    0.091468
  585.000000    0.137631    0.098024
  615.000000    0.147286    0.099805
  645.000000    0.079646    0.060044
  675.000000    0.072300    0.094720
  705.000000    0.126545    0.016443
  735.000000    0.208366    0.042941
  765.000000    0.130016    0.025980
  795.000000    0.251535    0.033658
  825.000000    0.378868    0.042160
  855.000000    0.350634    0.069453
  885.000000    0.274432    0.051883
  915.000000    0.195157    0.080762
  945.000000    0.130583    0.107184
  975.000000   -0.181309    0.095130
 1005.000000   -0.124022    0.113737
 1035.000000   -0.236856    0.110936
 1065.000000   -0.178095    0.154930
 1095.000000   -0.095538    0.032648
 1125.000000   -0.045905    0.070445
 1155.000000   -0.005099    0.071490
 1185.000000   -0.043739    0.163330
 1215.000000   -0.065834    0.159526
 1245.000000   -0.021019    0.125986
 1275.000000   -0.009084    0.136481
 1305.000000   -0.026698    0.139160
 1335.000000    0.100581    0.224527
 1365.000000   -0.098689    0.278176
 1395.000000    0.032488    0.203019
    0.9200   40
  225.000000    0.114020    0.053119
  255.000000    0.223371    0.017400
  285.000000    0.230371    0.015811
  315.000000    0.202153    0.014775
  345.000000    0.220001    0.013829
  375.000000    0.188713    0.018807
  405.000000    0.270978    0.013578
  435.000000    0.360413    0.011863
  465.000000    0.430270    0.018565
  495.000000    0.407036    0.022773
  525.000000    0.394505    0.022613
  555.000000    0.533135    0.026861
  585.000000    0.456423    0.034906
  615.000000    0.474873    0.034020
  645.000000    0.435570    0.038995
  675.000000    0.388689    0.045931
  705.000000    0.362423    0.014354
  735.000000    0.393180    0.011489
  765.000000    0.312261    0.041170
  795.000000    0.457483    0.094019
  825.000000    0.466477    0.095232
  855.000000    0.590905    0.047461
  885.000000    0.259025    0.048739
  915.000000    0.371871    0.079586
  945.000000    0.233897    0.147553
  975.000000   -0.193545    0.081991
 1005.000000   -0.254649    0.068486
 1035.000000   -0.178453    0.109370
 1065.000000   -0.258086    0.078624
 1095.000000    0.190334    0.179984
 1125.000000    0.026048    0.137378
 1155.000000    0.041673    0.085849
 1185.000000    0.285707    0.180896
 1215.000000    0.040808    0.147103
 1245.000000    0.320040    0.156021
 1275.000000    0.047801    0.100320
 1305.000000    0.122860    0.200612
 1335.000000   -0.177008    0.242958
 1365.000000    0.011432    0.299708
 1395.000000    0.065571    0.249791