   15
   53
 670.000 -0.984196  0.152250E-01  0.133000E+00   0.000  1  GRAAL_2005_Bartalini
 700.000 -0.984196  0.115120E+00  0.133000E+00   0.000  1  GRAAL_2005_Bartalini
 710.000 -0.984196  0.104982E+00  0.157000E+00   0.000  1  GRAAL_2005_Bartalini
 730.000 -0.984196  0.549850E-01  0.157000E+00   0.000  1  GRAAL_2005_Bartalini
 740.000 -0.984196  0.542551E-01  0.830000E-01   0.000  1  GRAAL_2005_Bartalini
 760.000 -0.984196  0.114268E+00  0.830000E-01   0.000  1  GRAAL_2005_Bartalini
 770.000 -0.984196  0.139437E+00  0.840000E-01   0.000  1  GRAAL_2005_Bartalini
 800.000 -0.984196  0.816763E-01  0.840000E-01   0.000  1  GRAAL_2005_Bartalini
 810.000 -0.984196  0.285039E-01  0.830000E-01   0.000  1  GRAAL_2005_Bartalini
 820.000 -0.984196 -0.201508E-01  0.830000E-01   0.000  1  GRAAL_2005_Bartalini
 830.000 -0.984196 -0.423195E-01  0.600000E-01   0.000  1  GRAAL_2005_Bartalini
 860.000 -0.984196  0.221388E-01  0.600000E-01   0.000  1  GRAAL_2005_Bartalini
 870.000 -0.984196  0.354752E-01  0.590000E-01   0.000  1  GRAAL_2005_Bartalini
 890.000 -0.984196  0.429513E-01  0.590000E-01   0.000  1  GRAAL_2005_Bartalini
 900.000 -0.984196  0.600750E-01  0.810000E-01   0.000  1  GRAAL_2005_Bartalini
 920.000 -0.984196  0.119500E+00  0.810000E-01   0.000  1  GRAAL_2005_Bartalini
 930.000 -0.984196  0.137509E+00  0.740000E-01   0.000  1  GRAAL_2005_Bartalini
 960.000 -0.984196  0.896707E-01  0.740000E-01   0.000  1  GRAAL_2005_Bartalini
 970.000 -0.984196  0.595446E-01  0.570000E-01   0.000  1  GRAAL_2005_Bartalini
 990.000 -0.984196  0.298385E-01  0.570000E-01   0.000  1  GRAAL_2005_Bartalini
1000.000 -0.984196  0.478413E-01  0.590000E-01   0.000  1  GRAAL_2005_Bartalini
1020.000 -0.984196  0.972753E-01  0.590000E-01   0.000  1  GRAAL_2005_Bartalini
1030.000 -0.984196  0.875905E-01  0.720000E-01   0.000  1  GRAAL_2005_Bartalini
1050.000 -0.984196  0.113578E-01  0.720000E-01   0.000  1  GRAAL_2005_Bartalini
1060.000 -0.984196 -0.193018E-01  0.540000E-01   0.000  1  GRAAL_2005_Bartalini
1080.000 -0.984196 -0.499592E-01  0.540000E-01   0.000  1  GRAAL_2005_Bartalini
1090.000 -0.984196 -0.681731E-01  0.530000E-01   0.000  1  GRAAL_2005_Bartalini
1110.000 -0.984196 -0.111817E+00  0.530000E-01   0.000  1  GRAAL_2005_Bartalini
1120.000 -0.984196 -0.120036E+00  0.790000E-01   0.000  1  GRAAL_2005_Bartalini
1140.000 -0.984196 -0.760820E-01  0.790000E-01   0.000  1  GRAAL_2005_Bartalini
1150.000 -0.984196 -0.156623E-01  0.800000E-01   0.000  1  GRAAL_2005_Bartalini
1170.000 -0.984196  0.980388E-01  0.800000E-01   0.000  1  GRAAL_2005_Bartalini
1180.000 -0.984196  0.844316E-01  0.790000E-01   0.000  1  GRAAL_2005_Bartalini
1200.000 -0.984196 -0.535419E-01  0.790000E-01   0.000  1  GRAAL_2005_Bartalini
1210.000 -0.984196 -0.913625E-01  0.970000E-01   0.000  1  GRAAL_2005_Bartalini
1230.000 -0.984196 -0.569744E-01  0.970000E-01   0.000  1  GRAAL_2005_Bartalini
1240.000 -0.984196 -0.741406E-02  0.780000E-01   0.000  1  GRAAL_2005_Bartalini
1260.000 -0.984196  0.536435E-01  0.780000E-01   0.000  1  GRAAL_2005_Bartalini
1270.000 -0.984196  0.215479E-01  0.530000E-01   0.000  1  GRAAL_2005_Bartalini
1280.000 -0.984196 -0.310807E-01  0.530000E-01   0.000  1  GRAAL_2005_Bartalini
1290.000 -0.984196 -0.621543E-01  0.590000E-01   0.000  1  GRAAL_2005_Bartalini
1310.000 -0.984196 -0.511468E-02  0.590000E-01   0.000  1  GRAAL_2005_Bartalini
1320.000 -0.984196  0.436396E-01  0.700000E-01   0.000  1  GRAAL_2005_Bartalini
1340.000 -0.984196  0.953646E-01  0.700000E-01   0.000  1  GRAAL_2005_Bartalini
1350.000 -0.984196  0.799601E-01  0.570000E-01   0.000  1  GRAAL_2005_Bartalini
1370.000 -0.984196  0.176883E-01  0.570000E-01   0.000  1  GRAAL_2005_Bartalini
1380.000 -0.984196  0.182748E-01  0.560000E-01   0.000  1  GRAAL_2005_Bartalini
1390.000 -0.984196  0.427091E-01  0.560000E-01   0.000  1  GRAAL_2005_Bartalini
1400.000 -0.984196  0.777741E-01  0.530000E-01   0.000  1  GRAAL_2005_Bartalini
1420.000 -0.984196  0.128433E+00  0.530000E-01   0.000  1  GRAAL_2005_Bartalini
1430.000 -0.984196  0.119924E+00  0.630000E-01   0.000  1  GRAAL_2005_Bartalini
1450.000 -0.984196  0.551163E-01  0.550000E-01   0.000  1  GRAAL_2005_Bartalini
1470.000 -0.984196  0.237834E-01  0.550000E-01   0.000  1  GRAAL_2005_Bartalini
   53
 670.000 -0.944949  0.176779E+00  0.550000E-01   0.000  1  GRAAL_2005_Bartalini
 700.000 -0.944949  0.129605E+00  0.550000E-01   0.000  1  GRAAL_2005_Bartalini
 710.000 -0.944949  0.147409E+00  0.430000E-01   0.000  1  GRAAL_2005_Bartalini
 730.000 -0.944949  0.203175E+00  0.430000E-01   0.000  1  GRAAL_2005_Bartalini
 740.000 -0.944949  0.209099E+00  0.410000E-01   0.000  1  GRAAL_2005_Bartalini
 760.000 -0.944949  0.167497E+00  0.410000E-01   0.000  1  GRAAL_2005_Bartalini
 770.000 -0.944949  0.150029E+00  0.260000E-01   0.000  1  GRAAL_2005_Bartalini
 800.000 -0.944949  0.187373E+00  0.260000E-01   0.000  1  GRAAL_2005_Bartalini
 810.000 -0.944949  0.209741E+00  0.830000E-01   0.000  1  GRAAL_2005_Bartalini
 820.000 -0.944949  0.223809E+00  0.830000E-01   0.000  1  GRAAL_2005_Bartalini
 830.000 -0.944949  0.220632E+00  0.600000E-01   0.000  1  GRAAL_2005_Bartalini
 860.000 -0.944949  0.152813E+00  0.600000E-01   0.000  1  GRAAL_2005_Bartalini
 870.000 -0.944949  0.148544E+00  0.590000E-01   0.000  1  GRAAL_2005_Bartalini
 890.000 -0.944949  0.174180E+00  0.590000E-01   0.000  1  GRAAL_2005_Bartalini
 900.000 -0.944949  0.188272E+00  0.810000E-01   0.000  1  GRAAL_2005_Bartalini
 920.000 -0.944949  0.201043E+00  0.810000E-01   0.000  1  GRAAL_2005_Bartalini
 930.000 -0.944949  0.201194E+00  0.740000E-01   0.000  1  GRAAL_2005_Bartalini
 960.000 -0.944949  0.190131E+00  0.740000E-01   0.000  1  GRAAL_2005_Bartalini
 970.000 -0.944949  0.186891E+00  0.570000E-01   0.000  1  GRAAL_2005_Bartalini
 990.000 -0.944949  0.169113E+00  0.570000E-01   0.000  1  GRAAL_2005_Bartalini
1000.000 -0.944949  0.146490E+00  0.590000E-01   0.000  1  GRAAL_2005_Bartalini
1020.000 -0.944949  0.847443E-01  0.590000E-01   0.000  1  GRAAL_2005_Bartalini
1030.000 -0.944949  0.567555E-01  0.720000E-01   0.000  1  GRAAL_2005_Bartalini
1050.000 -0.944949  0.722448E-02  0.720000E-01   0.000  1  GRAAL_2005_Bartalini
1060.000 -0.944949 -0.212902E-01  0.540000E-01   0.000  1  GRAAL_2005_Bartalini
1080.000 -0.944949 -0.766893E-01  0.540000E-01   0.000  1  GRAAL_2005_Bartalini
1090.000 -0.944949 -0.912711E-01  0.530000E-01   0.000  1  GRAAL_2005_Bartalini
1110.000 -0.944949 -0.948653E-01  0.530000E-01   0.000  1  GRAAL_2005_Bartalini
1120.000 -0.944949 -0.963329E-01  0.250000E-01   0.000  1  GRAAL_2005_Bartalini
1140.000 -0.944949 -0.944199E-01  0.250000E-01   0.000  1  GRAAL_2005_Bartalini
1150.000 -0.944949 -0.779011E-01  0.230000E-01   0.000  1  GRAAL_2005_Bartalini
1170.000 -0.944949 -0.234397E-01  0.230000E-01   0.000  1  GRAAL_2005_Bartalini
1180.000 -0.944949 -0.340783E-02  0.240000E-01   0.000  1  GRAAL_2005_Bartalini
1200.000 -0.944949  0.149887E-01  0.240000E-01   0.000  1  GRAAL_2005_Bartalini
1210.000 -0.944949  0.250198E-01  0.210000E-01   0.000  1  GRAAL_2005_Bartalini
1230.000 -0.944949  0.554734E-01  0.210000E-01   0.000  1  GRAAL_2005_Bartalini
1240.000 -0.944949  0.741777E-01  0.200000E-01   0.000  1  GRAAL_2005_Bartalini
1260.000 -0.944949  0.105723E+00  0.200000E-01   0.000  1  GRAAL_2005_Bartalini
1270.000 -0.944949  0.112767E+00  0.230000E-01   0.000  1  GRAAL_2005_Bartalini
1280.000 -0.944949  0.118138E+00  0.230000E-01   0.000  1  GRAAL_2005_Bartalini
1290.000 -0.944949  0.129104E+00  0.190000E-01   0.000  1  GRAAL_2005_Bartalini
1310.000 -0.944949  0.169089E+00  0.190000E-01   0.000  1  GRAAL_2005_Bartalini
1320.000 -0.944949  0.182520E+00  0.220000E-01   0.000  1  GRAAL_2005_Bartalini
1340.000 -0.944949  0.186132E+00  0.220000E-01   0.000  1  GRAAL_2005_Bartalini
1350.000 -0.944949  0.190302E+00  0.180000E-01   0.000  1  GRAAL_2005_Bartalini
1370.000 -0.944949  0.212125E+00  0.180000E-01   0.000  1  GRAAL_2005_Bartalini
1380.000 -0.944949  0.224101E+00  0.190000E-01   0.000  1  GRAAL_2005_Bartalini
1390.000 -0.944949  0.235122E+00  0.190000E-01   0.000  1  GRAAL_2005_Bartalini
1400.000 -0.944949  0.245088E+00  0.200000E-01   0.000  1  GRAAL_2005_Bartalini
1420.000 -0.944949  0.259979E+00  0.200000E-01   0.000  1  GRAAL_2005_Bartalini
1430.000 -0.944949  0.263242E+00  0.210000E-01   0.000  1  GRAAL_2005_Bartalini
1450.000 -0.944949  0.273000E+00  0.230000E-01   0.000  1  GRAAL_2005_Bartalini
1470.000 -0.944949  0.310945E+00  0.230000E-01   0.000  1  GRAAL_2005_Bartalini
   60
 550.000 -0.872069  0.712465E+00  0.119000E+00   0.000  1  GRAAL_2005_Bartalini
 560.000 -0.872069  0.719831E+00  0.119000E+00   0.000  1  GRAAL_2005_Bartalini
 570.000 -0.872069  0.721730E+00  0.119000E+00   0.000  1  GRAAL_2005_Bartalini
 580.000 -0.872069  0.710181E+00  0.920000E-01   0.000  1  GRAAL_2005_Bartalini
 610.000 -0.872069  0.601635E+00  0.920000E-01   0.000  1  GRAAL_2005_Bartalini
 620.000 -0.872069  0.563311E+00  0.790000E-01   0.000  1  GRAAL_2005_Bartalini
 660.000 -0.872069  0.452467E+00  0.790000E-01   0.000  1  GRAAL_2005_Bartalini
 670.000 -0.872069  0.425384E+00  0.550000E-01   0.000  1  GRAAL_2005_Bartalini
 700.000 -0.872069  0.342889E+00  0.550000E-01   0.000  1  GRAAL_2005_Bartalini
 710.000 -0.872069  0.323255E+00  0.430000E-01   0.000  1  GRAAL_2005_Bartalini
 730.000 -0.872069  0.303322E+00  0.430000E-01   0.000  1  GRAAL_2005_Bartalini
 740.000 -0.872069  0.302894E+00  0.410000E-01   0.000  1  GRAAL_2005_Bartalini
 760.000 -0.872069  0.310180E+00  0.410000E-01   0.000  1  GRAAL_2005_Bartalini
 770.000 -0.872069  0.308455E+00  0.260000E-01   0.000  1  GRAAL_2005_Bartalini
 800.000 -0.872069  0.279053E+00  0.260000E-01   0.000  1  GRAAL_2005_Bartalini
 810.000 -0.872069  0.279073E+00  0.360000E-01   0.000  1  GRAAL_2005_Bartalini
 820.000 -0.872069  0.283285E+00  0.360000E-01   0.000  1  GRAAL_2005_Bartalini
 830.000 -0.872069  0.284785E+00  0.190000E-01   0.000  1  GRAAL_2005_Bartalini
 860.000 -0.872069  0.271765E+00  0.190000E-01   0.000  1  GRAAL_2005_Bartalini
 870.000 -0.872069  0.272874E+00  0.180000E-01   0.000  1  GRAAL_2005_Bartalini
 890.000 -0.872069  0.282319E+00  0.180000E-01   0.000  1  GRAAL_2005_Bartalini
 900.000 -0.872069  0.284046E+00  0.190000E-01   0.000  1  GRAAL_2005_Bartalini
 920.000 -0.872069  0.274867E+00  0.190000E-01   0.000  1  GRAAL_2005_Bartalini
 930.000 -0.872069  0.265269E+00  0.180000E-01   0.000  1  GRAAL_2005_Bartalini
 960.000 -0.872069  0.220808E+00  0.180000E-01   0.000  1  GRAAL_2005_Bartalini
 970.000 -0.872069  0.200490E+00  0.170000E-01   0.000  1  GRAAL_2005_Bartalini
 990.000 -0.872069  0.150428E+00  0.170000E-01   0.000  1  GRAAL_2005_Bartalini
1000.000 -0.872069  0.120266E+00  0.160000E-01   0.000  1  GRAAL_2005_Bartalini
1020.000 -0.872069  0.523931E-01  0.160000E-01   0.000  1  GRAAL_2005_Bartalini
1030.000 -0.872069  0.166642E-01  0.180000E-01   0.000  1  GRAAL_2005_Bartalini
1050.000 -0.872069 -0.524154E-01  0.180000E-01   0.000  1  GRAAL_2005_Bartalini
1060.000 -0.872069 -0.831309E-01  0.150000E-01   0.000  1  GRAAL_2005_Bartalini
1080.000 -0.872069 -0.132554E+00  0.150000E-01   0.000  1  GRAAL_2005_Bartalini
1090.000 -0.872069 -0.150287E+00  0.160000E-01   0.000  1  GRAAL_2005_Bartalini
1110.000 -0.872069 -0.172114E+00  0.160000E-01   0.000  1  GRAAL_2005_Bartalini
1120.000 -0.872069 -0.177261E+00  0.250000E-01   0.000  1  GRAAL_2005_Bartalini
1140.000 -0.872069 -0.166803E+00  0.250000E-01   0.000  1  GRAAL_2005_Bartalini
1150.000 -0.872069 -0.143963E+00  0.230000E-01   0.000  1  GRAAL_2005_Bartalini
1170.000 -0.872069 -0.775685E-01  0.230000E-01   0.000  1  GRAAL_2005_Bartalini
1180.000 -0.872069 -0.504209E-01  0.240000E-01   0.000  1  GRAAL_2005_Bartalini
1200.000 -0.872069 -0.938918E-02  0.240000E-01   0.000  1  GRAAL_2005_Bartalini
1210.000 -0.872069  0.189302E-01  0.210000E-01   0.000  1  GRAAL_2005_Bartalini
1230.000 -0.872069  0.867423E-01  0.210000E-01   0.000  1  GRAAL_2005_Bartalini
1240.000 -0.872069  0.115684E+00  0.170000E-01   0.000  1  GRAAL_2005_Bartalini
1260.000 -0.872069  0.168977E+00  0.170000E-01   0.000  1  GRAAL_2005_Bartalini
1270.000 -0.872069  0.201320E+00  0.160000E-01   0.000  1  GRAAL_2005_Bartalini
1280.000 -0.872069  0.233243E+00  0.160000E-01   0.000  1  GRAAL_2005_Bartalini
1290.000 -0.872069  0.256615E+00  0.170000E-01   0.000  1  GRAAL_2005_Bartalini
1310.000 -0.872069  0.274643E+00  0.170000E-01   0.000  1  GRAAL_2005_Bartalini
1320.000 -0.872069  0.284958E+00  0.180000E-01   0.000  1  GRAAL_2005_Bartalini
1340.000 -0.872069  0.324416E+00  0.180000E-01   0.000  1  GRAAL_2005_Bartalini
1350.000 -0.872069  0.345111E+00  0.200000E-01   0.000  1  GRAAL_2005_Bartalini
1370.000 -0.872069  0.381263E+00  0.200000E-01   0.000  1  GRAAL_2005_Bartalini
1380.000 -0.872069  0.398667E+00  0.180000E-01   0.000  1  GRAAL_2005_Bartalini
1390.000 -0.872069  0.414024E+00  0.180000E-01   0.000  1  GRAAL_2005_Bartalini
1400.000 -0.872069  0.424611E+00  0.190000E-01   0.000  1  GRAAL_2005_Bartalini
1420.000 -0.872069  0.432821E+00  0.190000E-01   0.000  1  GRAAL_2005_Bartalini
1430.000 -0.872069  0.438189E+00  0.200000E-01   0.000  1  GRAAL_2005_Bartalini
1450.000 -0.872069  0.461000E+00  0.210000E-01   0.000  1  GRAAL_2005_Bartalini
1470.000 -0.872069  0.496220E+00  0.210000E-01   0.000  1  GRAAL_2005_Bartalini
   60
 550.000 -0.769400  0.787714E+00  0.119000E+00   0.000  1  GRAAL_2005_Bartalini
 560.000 -0.769400  0.792707E+00  0.119000E+00   0.000  1  GRAAL_2005_Bartalini
 570.000 -0.769400  0.795429E+00  0.119000E+00   0.000  1  GRAAL_2005_Bartalini
 580.000 -0.769400  0.792107E+00  0.920000E-01   0.000  1  GRAAL_2005_Bartalini
 610.000 -0.769400  0.741502E+00  0.920000E-01   0.000  1  GRAAL_2005_Bartalini
 620.000 -0.769400  0.716853E+00  0.790000E-01   0.000  1  GRAAL_2005_Bartalini
 660.000 -0.769400  0.622898E+00  0.790000E-01   0.000  1  GRAAL_2005_Bartalini
 670.000 -0.769400  0.607803E+00  0.300000E-01   0.000  1  GRAAL_2005_Bartalini
 700.000 -0.769400  0.575334E+00  0.300000E-01   0.000  1  GRAAL_2005_Bartalini
 710.000 -0.769400  0.558461E+00  0.250000E-01   0.000  1  GRAAL_2005_Bartalini
 730.000 -0.769400  0.517220E+00  0.250000E-01   0.000  1  GRAAL_2005_Bartalini
 740.000 -0.769400  0.500233E+00  0.190000E-01   0.000  1  GRAAL_2005_Bartalini
 760.000 -0.769400  0.477695E+00  0.190000E-01   0.000  1  GRAAL_2005_Bartalini
 770.000 -0.769400  0.466947E+00  0.180000E-01   0.000  1  GRAAL_2005_Bartalini
 800.000 -0.769400  0.418395E+00  0.180000E-01   0.000  1  GRAAL_2005_Bartalini
 810.000 -0.769400  0.397321E+00  0.160000E-01   0.000  1  GRAAL_2005_Bartalini
 820.000 -0.769400  0.376935E+00  0.160000E-01   0.000  1  GRAAL_2005_Bartalini
 830.000 -0.769400  0.360765E+00  0.150000E-01   0.000  1  GRAAL_2005_Bartalini
 860.000 -0.769400  0.334475E+00  0.150000E-01   0.000  1  GRAAL_2005_Bartalini
 870.000 -0.769400  0.325383E+00  0.140000E-01   0.000  1  GRAAL_2005_Bartalini
 890.000 -0.769400  0.301349E+00  0.140000E-01   0.000  1  GRAAL_2005_Bartalini
 900.000 -0.769400  0.287186E+00  0.140000E-01   0.000  1  GRAAL_2005_Bartalini
 920.000 -0.769400  0.252119E+00  0.140000E-01   0.000  1  GRAAL_2005_Bartalini
 930.000 -0.769400  0.228469E+00  0.130000E-01   0.000  1  GRAAL_2005_Bartalini
 960.000 -0.769400  0.137297E+00  0.130000E-01   0.000  1  GRAAL_2005_Bartalini
 970.000 -0.769400  0.108249E+00  0.130000E-01   0.000  1  GRAAL_2005_Bartalini
 990.000 -0.769400  0.450919E-01  0.130000E-01   0.000  1  GRAAL_2005_Bartalini
1000.000 -0.769400  0.392544E-02  0.120000E-01   0.000  1  GRAAL_2005_Bartalini
1020.000 -0.769400 -0.816183E-01  0.120000E-01   0.000  1  GRAAL_2005_Bartalini
1030.000 -0.769400 -0.112671E+00  0.110000E-01   0.000  1  GRAAL_2005_Bartalini
1050.000 -0.769400 -0.163966E+00  0.110000E-01   0.000  1  GRAAL_2005_Bartalini
1060.000 -0.769400 -0.201278E+00  0.130000E-01   0.000  1  GRAAL_2005_Bartalini
1080.000 -0.769400 -0.280017E+00  0.130000E-01   0.000  1  GRAAL_2005_Bartalini
1090.000 -0.769400 -0.293559E+00  0.130000E-01   0.000  1  GRAAL_2005_Bartalini
1110.000 -0.769400 -0.265392E+00  0.130000E-01   0.000  1  GRAAL_2005_Bartalini
1120.000 -0.769400 -0.248313E+00  0.160000E-01   0.000  1  GRAAL_2005_Bartalini
1140.000 -0.769400 -0.225013E+00  0.160000E-01   0.000  1  GRAAL_2005_Bartalini
1150.000 -0.769400 -0.210192E+00  0.180000E-01   0.000  1  GRAAL_2005_Bartalini
1170.000 -0.769400 -0.159335E+00  0.180000E-01   0.000  1  GRAAL_2005_Bartalini
1180.000 -0.769400 -0.119945E+00  0.170000E-01   0.000  1  GRAAL_2005_Bartalini
1200.000 -0.769400 -0.309759E-01  0.170000E-01   0.000  1  GRAAL_2005_Bartalini
1210.000 -0.769400  0.251437E-02  0.180000E-01   0.000  1  GRAAL_2005_Bartalini
1230.000 -0.769400  0.570215E-01  0.180000E-01   0.000  1  GRAAL_2005_Bartalini
1240.000 -0.769400  0.925081E-01  0.170000E-01   0.000  1  GRAAL_2005_Bartalini
1260.000 -0.769400  0.177385E+00  0.170000E-01   0.000  1  GRAAL_2005_Bartalini
1270.000 -0.769400  0.216874E+00  0.160000E-01   0.000  1  GRAAL_2005_Bartalini
1280.000 -0.769400  0.248969E+00  0.160000E-01   0.000  1  GRAAL_2005_Bartalini
1290.000 -0.769400  0.270235E+00  0.180000E-01   0.000  1  GRAAL_2005_Bartalini
1310.000 -0.769400  0.291513E+00  0.180000E-01   0.000  1  GRAAL_2005_Bartalini
1320.000 -0.769400  0.311663E+00  0.160000E-01   0.000  1  GRAAL_2005_Bartalini
1340.000 -0.769400  0.381051E+00  0.160000E-01   0.000  1  GRAAL_2005_Bartalini
1350.000 -0.769400  0.410082E+00  0.160000E-01   0.000  1  GRAAL_2005_Bartalini
1370.000 -0.769400  0.442835E+00  0.160000E-01   0.000  1  GRAAL_2005_Bartalini
1380.000 -0.769400  0.453887E+00  0.180000E-01   0.000  1  GRAAL_2005_Bartalini
1390.000 -0.769400  0.464337E+00  0.180000E-01   0.000  1  GRAAL_2005_Bartalini
1400.000 -0.769400  0.475327E+00  0.200000E-01   0.000  1  GRAAL_2005_Bartalini
1420.000 -0.769400  0.505277E+00  0.200000E-01   0.000  1  GRAAL_2005_Bartalini
1430.000 -0.769400  0.528268E+00  0.200000E-01   0.000  1  GRAAL_2005_Bartalini
1450.000 -0.769400  0.578355E+00  0.200000E-01   0.000  1  GRAAL_2005_Bartalini
1470.000 -0.769400  0.602857E+00  0.200000E-01   0.000  1  GRAAL_2005_Bartalini
   60
 550.000 -0.654741  0.836743E+00  0.610000E-01   0.000  1  GRAAL_2005_Bartalini
 560.000 -0.654741  0.830805E+00  0.610000E-01   0.000  1  GRAAL_2005_Bartalini
 570.000 -0.654741  0.825036E+00  0.610000E-01   0.000  1  GRAAL_2005_Bartalini
 580.000 -0.654741  0.821039E+00  0.470000E-01   0.000  1  GRAAL_2005_Bartalini
 610.000 -0.654741  0.814621E+00  0.470000E-01   0.000  1  GRAAL_2005_Bartalini
 620.000 -0.654741  0.808920E+00  0.460000E-01   0.000  1  GRAAL_2005_Bartalini
 660.000 -0.654741  0.756447E+00  0.460000E-01   0.000  1  GRAAL_2005_Bartalini
 670.000 -0.654741  0.738572E+00  0.270000E-01   0.000  1  GRAAL_2005_Bartalini
 700.000 -0.654741  0.685013E+00  0.270000E-01   0.000  1  GRAAL_2005_Bartalini
 710.000 -0.654741  0.670291E+00  0.210000E-01   0.000  1  GRAAL_2005_Bartalini
 730.000 -0.654741  0.644167E+00  0.210000E-01   0.000  1  GRAAL_2005_Bartalini
 740.000 -0.654741  0.629964E+00  0.180000E-01   0.000  1  GRAAL_2005_Bartalini
 760.000 -0.654741  0.596807E+00  0.180000E-01   0.000  1  GRAAL_2005_Bartalini
 770.000 -0.654741  0.579048E+00  0.180000E-01   0.000  1  GRAAL_2005_Bartalini
 800.000 -0.654741  0.512770E+00  0.180000E-01   0.000  1  GRAAL_2005_Bartalini
 810.000 -0.654741  0.479416E+00  0.190000E-01   0.000  1  GRAAL_2005_Bartalini
 820.000 -0.654741  0.444722E+00  0.190000E-01   0.000  1  GRAAL_2005_Bartalini
 830.000 -0.654741  0.416195E+00  0.160000E-01   0.000  1  GRAAL_2005_Bartalini
 860.000 -0.654741  0.365487E+00  0.160000E-01   0.000  1  GRAAL_2005_Bartalini
 870.000 -0.654741  0.345998E+00  0.150000E-01   0.000  1  GRAAL_2005_Bartalini
 890.000 -0.654741  0.295184E+00  0.150000E-01   0.000  1  GRAAL_2005_Bartalini
 900.000 -0.654741  0.266505E+00  0.140000E-01   0.000  1  GRAAL_2005_Bartalini
 920.000 -0.654741  0.202567E+00  0.140000E-01   0.000  1  GRAAL_2005_Bartalini
 930.000 -0.654741  0.164629E+00  0.120000E-01   0.000  1  GRAAL_2005_Bartalini
 960.000 -0.654741  0.305718E-01  0.120000E-01   0.000  1  GRAAL_2005_Bartalini
 970.000 -0.654741 -0.129804E-01  0.110000E-01   0.000  1  GRAAL_2005_Bartalini
 990.000 -0.654741 -0.977440E-01  0.110000E-01   0.000  1  GRAAL_2005_Bartalini
1000.000 -0.654741 -0.141880E+00  0.110000E-01   0.000  1  GRAAL_2005_Bartalini
1020.000 -0.654741 -0.224002E+00  0.110000E-01   0.000  1  GRAAL_2005_Bartalini
1030.000 -0.654741 -0.254587E+00  0.120000E-01   0.000  1  GRAAL_2005_Bartalini
1050.000 -0.654741 -0.297668E+00  0.120000E-01   0.000  1  GRAAL_2005_Bartalini
1060.000 -0.654741 -0.317065E+00  0.130000E-01   0.000  1  GRAAL_2005_Bartalini
1080.000 -0.654741 -0.352335E+00  0.130000E-01   0.000  1  GRAAL_2005_Bartalini
1090.000 -0.654741 -0.363031E+00  0.160000E-01   0.000  1  GRAAL_2005_Bartalini
1110.000 -0.654741 -0.364681E+00  0.160000E-01   0.000  1  GRAAL_2005_Bartalini
1120.000 -0.654741 -0.356246E+00  0.190000E-01   0.000  1  GRAAL_2005_Bartalini
1140.000 -0.654741 -0.326844E+00  0.190000E-01   0.000  1  GRAAL_2005_Bartalini
1150.000 -0.654741 -0.309542E+00  0.230000E-01   0.000  1  GRAAL_2005_Bartalini
1170.000 -0.654741 -0.266503E+00  0.230000E-01   0.000  1  GRAAL_2005_Bartalini
1180.000 -0.654741 -0.235437E+00  0.220000E-01   0.000  1  GRAAL_2005_Bartalini
1200.000 -0.654741 -0.155540E+00  0.220000E-01   0.000  1  GRAAL_2005_Bartalini
1210.000 -0.654741 -0.113113E+00  0.200000E-01   0.000  1  GRAAL_2005_Bartalini
1230.000 -0.654741 -0.381215E-01  0.200000E-01   0.000  1  GRAAL_2005_Bartalini
1240.000 -0.654741 -0.103434E-01  0.180000E-01   0.000  1  GRAAL_2005_Bartalini
1260.000 -0.654741  0.418089E-01  0.180000E-01   0.000  1  GRAAL_2005_Bartalini
1270.000 -0.654741  0.773858E-01  0.180000E-01   0.000  1  GRAAL_2005_Bartalini
1280.000 -0.654741  0.116108E+00  0.180000E-01   0.000  1  GRAAL_2005_Bartalini
1290.000 -0.654741  0.150034E+00  0.180000E-01   0.000  1  GRAAL_2005_Bartalini
1310.000 -0.654741  0.198947E+00  0.180000E-01   0.000  1  GRAAL_2005_Bartalini
1320.000 -0.654741  0.227532E+00  0.180000E-01   0.000  1  GRAAL_2005_Bartalini
1340.000 -0.654741  0.301821E+00  0.180000E-01   0.000  1  GRAAL_2005_Bartalini
1350.000 -0.654741  0.335125E+00  0.180000E-01   0.000  1  GRAAL_2005_Bartalini
1370.000 -0.654741  0.383982E+00  0.180000E-01   0.000  1  GRAAL_2005_Bartalini
1380.000 -0.654741  0.402505E+00  0.190000E-01   0.000  1  GRAAL_2005_Bartalini
1390.000 -0.654741  0.414955E+00  0.190000E-01   0.000  1  GRAAL_2005_Bartalini
1400.000 -0.654741  0.417574E+00  0.210000E-01   0.000  1  GRAAL_2005_Bartalini
1420.000 -0.654741  0.411528E+00  0.210000E-01   0.000  1  GRAAL_2005_Bartalini
1430.000 -0.654741  0.430706E+00  0.190000E-01   0.000  1  GRAAL_2005_Bartalini
1450.000 -0.654741  0.501000E+00  0.250000E-01   0.000  1  GRAAL_2005_Bartalini
1470.000 -0.654741  0.520665E+00  0.250000E-01   0.000  1  GRAAL_2005_Bartalini
   60
 550.000 -0.515038  0.808072E+00  0.490000E-01   0.000  1  GRAAL_2005_Bartalini
 560.000 -0.515038  0.795264E+00  0.490000E-01   0.000  1  GRAAL_2005_Bartalini
 570.000 -0.515038  0.785532E+00  0.490000E-01   0.000  1  GRAAL_2005_Bartalini
 580.000 -0.515038  0.785424E+00  0.380000E-01   0.000  1  GRAAL_2005_Bartalini
 610.000 -0.515038  0.831598E+00  0.380000E-01   0.000  1  GRAAL_2005_Bartalini
 620.000 -0.515038  0.842606E+00  0.370000E-01   0.000  1  GRAAL_2005_Bartalini
 660.000 -0.515038  0.814301E+00  0.370000E-01   0.000  1  GRAAL_2005_Bartalini
 670.000 -0.515038  0.796762E+00  0.290000E-01   0.000  1  GRAAL_2005_Bartalini
 700.000 -0.515038  0.754669E+00  0.290000E-01   0.000  1  GRAAL_2005_Bartalini
 710.000 -0.515038  0.754175E+00  0.230000E-01   0.000  1  GRAAL_2005_Bartalini
 730.000 -0.515038  0.759263E+00  0.230000E-01   0.000  1  GRAAL_2005_Bartalini
 740.000 -0.515038  0.749295E+00  0.200000E-01   0.000  1  GRAAL_2005_Bartalini
 760.000 -0.515038  0.696166E+00  0.200000E-01   0.000  1  GRAAL_2005_Bartalini
 770.000 -0.515038  0.664486E+00  0.200000E-01   0.000  1  GRAAL_2005_Bartalini
 800.000 -0.515038  0.576187E+00  0.200000E-01   0.000  1  GRAAL_2005_Bartalini
 810.000 -0.515038  0.540996E+00  0.190000E-01   0.000  1  GRAAL_2005_Bartalini
 820.000 -0.515038  0.504350E+00  0.190000E-01   0.000  1  GRAAL_2005_Bartalini
 830.000 -0.515038  0.470839E+00  0.160000E-01   0.000  1  GRAAL_2005_Bartalini
 860.000 -0.515038  0.392796E+00  0.160000E-01   0.000  1  GRAAL_2005_Bartalini
 870.000 -0.515038  0.367806E+00  0.150000E-01   0.000  1  GRAAL_2005_Bartalini
 890.000 -0.515038  0.305616E+00  0.150000E-01   0.000  1  GRAAL_2005_Bartalini
 900.000 -0.515038  0.263475E+00  0.140000E-01   0.000  1  GRAAL_2005_Bartalini
 920.000 -0.515038  0.159610E+00  0.140000E-01   0.000  1  GRAAL_2005_Bartalini
 930.000 -0.515038  0.104830E+00  0.150000E-01   0.000  1  GRAAL_2005_Bartalini
 960.000 -0.515038 -0.623349E-01  0.150000E-01   0.000  1  GRAAL_2005_Bartalini
 970.000 -0.515038 -0.127750E+00  0.120000E-01   0.000  1  GRAAL_2005_Bartalini
 990.000 -0.515038 -0.252902E+00  0.120000E-01   0.000  1  GRAAL_2005_Bartalini
1000.000 -0.515038 -0.297828E+00  0.140000E-01   0.000  1  GRAAL_2005_Bartalini
1020.000 -0.515038 -0.362082E+00  0.140000E-01   0.000  1  GRAAL_2005_Bartalini
1030.000 -0.515038 -0.395427E+00  0.130000E-01   0.000  1  GRAAL_2005_Bartalini
1050.000 -0.515038 -0.460048E+00  0.130000E-01   0.000  1  GRAAL_2005_Bartalini
1060.000 -0.515038 -0.478907E+00  0.150000E-01   0.000  1  GRAAL_2005_Bartalini
1080.000 -0.515038 -0.492428E+00  0.150000E-01   0.000  1  GRAAL_2005_Bartalini
1090.000 -0.515038 -0.499332E+00  0.150000E-01   0.000  1  GRAAL_2005_Bartalini
1110.000 -0.515038 -0.523239E+00  0.150000E-01   0.000  1  GRAAL_2005_Bartalini
1120.000 -0.515038 -0.535574E+00  0.190000E-01   0.000  1  GRAAL_2005_Bartalini
1140.000 -0.515038 -0.538337E+00  0.190000E-01   0.000  1  GRAAL_2005_Bartalini
1150.000 -0.515038 -0.516979E+00  0.230000E-01   0.000  1  GRAAL_2005_Bartalini
1170.000 -0.515038 -0.458905E+00  0.230000E-01   0.000  1  GRAAL_2005_Bartalini
1180.000 -0.515038 -0.453416E+00  0.220000E-01   0.000  1  GRAAL_2005_Bartalini
1200.000 -0.515038 -0.475515E+00  0.220000E-01   0.000  1  GRAAL_2005_Bartalini
1210.000 -0.515038 -0.462918E+00  0.200000E-01   0.000  1  GRAAL_2005_Bartalini
1230.000 -0.515038 -0.376270E+00  0.200000E-01   0.000  1  GRAAL_2005_Bartalini
1240.000 -0.515038 -0.317819E+00  0.180000E-01   0.000  1  GRAAL_2005_Bartalini
1260.000 -0.515038 -0.231916E+00  0.180000E-01   0.000  1  GRAAL_2005_Bartalini
1270.000 -0.515038 -0.228228E+00  0.180000E-01   0.000  1  GRAAL_2005_Bartalini
1280.000 -0.515038 -0.230651E+00  0.180000E-01   0.000  1  GRAAL_2005_Bartalini
1290.000 -0.515038 -0.205475E+00  0.180000E-01   0.000  1  GRAAL_2005_Bartalini
1310.000 -0.515038 -0.609017E-01  0.180000E-01   0.000  1  GRAAL_2005_Bartalini
1320.000 -0.515038 -0.778519E-02  0.180000E-01   0.000  1  GRAAL_2005_Bartalini
1340.000 -0.515038  0.117956E-01  0.180000E-01   0.000  1  GRAAL_2005_Bartalini
1350.000 -0.515038  0.328256E-01  0.350000E-01   0.000  1  GRAAL_2005_Bartalini
1370.000 -0.515038  0.109276E+00  0.350000E-01   0.000  1  GRAAL_2005_Bartalini
1380.000 -0.515038  0.128260E+00  0.350000E-01   0.000  1  GRAAL_2005_Bartalini
1390.000 -0.515038  0.131764E+00  0.350000E-01   0.000  1  GRAAL_2005_Bartalini
1400.000 -0.515038  0.129286E+00  0.350000E-01   0.000  1  GRAAL_2005_Bartalini
1420.000 -0.515038  0.149333E+00  0.350000E-01   0.000  1  GRAAL_2005_Bartalini
1430.000 -0.515038  0.195193E+00  0.440000E-01   0.000  1  GRAAL_2005_Bartalini
1450.000 -0.515038  0.296788E+00  0.380000E-01   0.000  1  GRAAL_2005_Bartalini
1470.000 -0.515038  0.247632E+00  0.380000E-01   0.000  1  GRAAL_2005_Bartalini
   60
 550.000 -0.355107  0.722160E+00  0.410000E-01   0.000  1  GRAAL_2005_Bartalini
 560.000 -0.355107  0.729577E+00  0.410000E-01   0.000  1  GRAAL_2005_Bartalini
 570.000 -0.355107  0.740014E+00  0.410000E-01   0.000  1  GRAAL_2005_Bartalini
 580.000 -0.355107  0.755146E+00  0.350000E-01   0.000  1  GRAAL_2005_Bartalini
 610.000 -0.355107  0.821313E+00  0.350000E-01   0.000  1  GRAAL_2005_Bartalini
 620.000 -0.355107  0.839450E+00  0.350000E-01   0.000  1  GRAAL_2005_Bartalini
 660.000 -0.355107  0.857822E+00  0.350000E-01   0.000  1  GRAAL_2005_Bartalini
 670.000 -0.355107  0.850647E+00  0.270000E-01   0.000  1  GRAAL_2005_Bartalini
 700.000 -0.355107  0.823195E+00  0.270000E-01   0.000  1  GRAAL_2005_Bartalini
 710.000 -0.355107  0.821172E+00  0.240000E-01   0.000  1  GRAAL_2005_Bartalini
 730.000 -0.355107  0.819295E+00  0.240000E-01   0.000  1  GRAAL_2005_Bartalini
 740.000 -0.355107  0.808226E+00  0.260000E-01   0.000  1  GRAAL_2005_Bartalini
 760.000 -0.355107  0.759615E+00  0.260000E-01   0.000  1  GRAAL_2005_Bartalini
 770.000 -0.355107  0.730069E+00  0.200000E-01   0.000  1  GRAAL_2005_Bartalini
 800.000 -0.355107  0.634910E+00  0.200000E-01   0.000  1  GRAAL_2005_Bartalini
 810.000 -0.355107  0.593138E+00  0.210000E-01   0.000  1  GRAAL_2005_Bartalini
 820.000 -0.355107  0.550191E+00  0.210000E-01   0.000  1  GRAAL_2005_Bartalini
 830.000 -0.355107  0.513488E+00  0.160000E-01   0.000  1  GRAAL_2005_Bartalini
 860.000 -0.355107  0.435629E+00  0.160000E-01   0.000  1  GRAAL_2005_Bartalini
 870.000 -0.355107  0.404789E+00  0.160000E-01   0.000  1  GRAAL_2005_Bartalini
 890.000 -0.355107  0.325376E+00  0.160000E-01   0.000  1  GRAAL_2005_Bartalini
 900.000 -0.355107  0.278672E+00  0.170000E-01   0.000  1  GRAAL_2005_Bartalini
 920.000 -0.355107  0.169340E+00  0.170000E-01   0.000  1  GRAAL_2005_Bartalini
 930.000 -0.355107  0.103298E+00  0.130000E-01   0.000  1  GRAAL_2005_Bartalini
 960.000 -0.355107 -0.120179E+00  0.130000E-01   0.000  1  GRAAL_2005_Bartalini
 970.000 -0.355107 -0.183736E+00  0.130000E-01   0.000  1  GRAAL_2005_Bartalini
 990.000 -0.355107 -0.294301E+00  0.130000E-01   0.000  1  GRAAL_2005_Bartalini
1000.000 -0.355107 -0.349720E+00  0.140000E-01   0.000  1  GRAAL_2005_Bartalini
1020.000 -0.355107 -0.456781E+00  0.140000E-01   0.000  1  GRAAL_2005_Bartalini
1030.000 -0.355107 -0.501267E+00  0.150000E-01   0.000  1  GRAAL_2005_Bartalini
1050.000 -0.355107 -0.570415E+00  0.150000E-01   0.000  1  GRAAL_2005_Bartalini
1060.000 -0.355107 -0.598795E+00  0.180000E-01   0.000  1  GRAAL_2005_Bartalini
1080.000 -0.355107 -0.643956E+00  0.180000E-01   0.000  1  GRAAL_2005_Bartalini
1090.000 -0.355107 -0.658227E+00  0.190000E-01   0.000  1  GRAAL_2005_Bartalini
1110.000 -0.355107 -0.668462E+00  0.190000E-01   0.000  1  GRAAL_2005_Bartalini
1120.000 -0.355107 -0.665712E+00  0.230000E-01   0.000  1  GRAAL_2005_Bartalini
1140.000 -0.355107 -0.654471E+00  0.230000E-01   0.000  1  GRAAL_2005_Bartalini
1150.000 -0.355107 -0.651992E+00  0.250000E-01   0.000  1  GRAAL_2005_Bartalini
1170.000 -0.355107 -0.651896E+00  0.250000E-01   0.000  1  GRAAL_2005_Bartalini
1180.000 -0.355107 -0.648218E+00  0.270000E-01   0.000  1  GRAAL_2005_Bartalini
1200.000 -0.355107 -0.621507E+00  0.270000E-01   0.000  1  GRAAL_2005_Bartalini
1210.000 -0.355107 -0.595324E+00  0.270000E-01   0.000  1  GRAAL_2005_Bartalini
1230.000 -0.355107 -0.523430E+00  0.270000E-01   0.000  1  GRAAL_2005_Bartalini
1240.000 -0.355107 -0.483404E+00  0.270000E-01   0.000  1  GRAAL_2005_Bartalini
1260.000 -0.355107 -0.408424E+00  0.270000E-01   0.000  1  GRAAL_2005_Bartalini
1270.000 -0.355107 -0.377285E+00  0.280000E-01   0.000  1  GRAAL_2005_Bartalini
1280.000 -0.355107 -0.345340E+00  0.280000E-01   0.000  1  GRAAL_2005_Bartalini
1290.000 -0.355107 -0.304877E+00  0.310000E-01   0.000  1  GRAAL_2005_Bartalini
1310.000 -0.355107 -0.209930E+00  0.310000E-01   0.000  1  GRAAL_2005_Bartalini
1320.000 -0.355107 -0.185833E+00  0.330000E-01   0.000  1  GRAAL_2005_Bartalini
1340.000 -0.355107 -0.183728E+00  0.330000E-01   0.000  1  GRAAL_2005_Bartalini
1350.000 -0.355107 -0.160240E+00  0.280000E-01   0.000  1  GRAAL_2005_Bartalini
1370.000 -0.355107 -0.639379E-01  0.280000E-01   0.000  1  GRAAL_2005_Bartalini
1380.000 -0.355107 -0.246839E-01  0.350000E-01   0.000  1  GRAAL_2005_Bartalini
1390.000 -0.355107  0.519051E-02  0.350000E-01   0.000  1  GRAAL_2005_Bartalini
1400.000 -0.355107  0.331258E-01  0.350000E-01   0.000  1  GRAAL_2005_Bartalini
1420.000 -0.355107  0.919405E-01  0.350000E-01   0.000  1  GRAAL_2005_Bartalini
1430.000 -0.355107  0.115136E+00  0.440000E-01   0.000  1  GRAAL_2005_Bartalini
1450.000 -0.355107  0.155806E+00  0.380000E-01   0.000  1  GRAAL_2005_Bartalini
1470.000 -0.355107  0.221103E+00  0.380000E-01   0.000  1  GRAAL_2005_Bartalini
   60
 550.000 -0.211325  0.695468E+00  0.410000E-01   0.000  1  GRAAL_2005_Bartalini
 560.000 -0.211325  0.728650E+00  0.410000E-01   0.000  1  GRAAL_2005_Bartalini
 570.000 -0.211325  0.761487E+00  0.410000E-01   0.000  1  GRAAL_2005_Bartalini
 580.000 -0.211325  0.785696E+00  0.350000E-01   0.000  1  GRAAL_2005_Bartalini
 610.000 -0.211325  0.808019E+00  0.350000E-01   0.000  1  GRAAL_2005_Bartalini
 620.000 -0.211325  0.811415E+00  0.350000E-01   0.000  1  GRAAL_2005_Bartalini
 660.000 -0.211325  0.839798E+00  0.350000E-01   0.000  1  GRAAL_2005_Bartalini
 670.000 -0.211325  0.846522E+00  0.250000E-01   0.000  1  GRAAL_2005_Bartalini
 700.000 -0.211325  0.856885E+00  0.250000E-01   0.000  1  GRAAL_2005_Bartalini
 710.000 -0.211325  0.856488E+00  0.250000E-01   0.000  1  GRAAL_2005_Bartalini
 730.000 -0.211325  0.845862E+00  0.250000E-01   0.000  1  GRAAL_2005_Bartalini
 740.000 -0.211325  0.833277E+00  0.230000E-01   0.000  1  GRAAL_2005_Bartalini
 760.000 -0.211325  0.794416E+00  0.230000E-01   0.000  1  GRAAL_2005_Bartalini
 770.000 -0.211325  0.771711E+00  0.220000E-01   0.000  1  GRAAL_2005_Bartalini
 800.000 -0.211325  0.690551E+00  0.220000E-01   0.000  1  GRAAL_2005_Bartalini
 810.000 -0.211325  0.652255E+00  0.200000E-01   0.000  1  GRAAL_2005_Bartalini
 820.000 -0.211325  0.612472E+00  0.200000E-01   0.000  1  GRAAL_2005_Bartalini
 830.000 -0.211325  0.578551E+00  0.180000E-01   0.000  1  GRAAL_2005_Bartalini
 860.000 -0.211325  0.507238E+00  0.180000E-01   0.000  1  GRAAL_2005_Bartalini
 870.000 -0.211325  0.478215E+00  0.160000E-01   0.000  1  GRAAL_2005_Bartalini
 890.000 -0.211325  0.397184E+00  0.160000E-01   0.000  1  GRAAL_2005_Bartalini
 900.000 -0.211325  0.344096E+00  0.150000E-01   0.000  1  GRAAL_2005_Bartalini
 920.000 -0.211325  0.216688E+00  0.150000E-01   0.000  1  GRAAL_2005_Bartalini
 930.000 -0.211325  0.146569E+00  0.140000E-01   0.000  1  GRAAL_2005_Bartalini
 960.000 -0.211325 -0.709340E-01  0.140000E-01   0.000  1  GRAAL_2005_Bartalini
 970.000 -0.211325 -0.143161E+00  0.140000E-01   0.000  1  GRAAL_2005_Bartalini
 990.000 -0.211325 -0.279746E+00  0.140000E-01   0.000  1  GRAAL_2005_Bartalini
1000.000 -0.211325 -0.340972E+00  0.150000E-01   0.000  1  GRAAL_2005_Bartalini
1020.000 -0.211325 -0.445061E+00  0.150000E-01   0.000  1  GRAAL_2005_Bartalini
1030.000 -0.211325 -0.487255E+00  0.170000E-01   0.000  1  GRAAL_2005_Bartalini
1050.000 -0.211325 -0.559396E+00  0.170000E-01   0.000  1  GRAAL_2005_Bartalini
1060.000 -0.211325 -0.594599E+00  0.180000E-01   0.000  1  GRAAL_2005_Bartalini
1080.000 -0.211325 -0.655996E+00  0.180000E-01   0.000  1  GRAAL_2005_Bartalini
1090.000 -0.211325 -0.672680E+00  0.190000E-01   0.000  1  GRAAL_2005_Bartalini
1110.000 -0.211325 -0.681854E+00  0.190000E-01   0.000  1  GRAAL_2005_Bartalini
1120.000 -0.211325 -0.686657E+00  0.310000E-01   0.000  1  GRAAL_2005_Bartalini
1140.000 -0.211325 -0.702321E+00  0.310000E-01   0.000  1  GRAAL_2005_Bartalini
1150.000 -0.211325 -0.706880E+00  0.290000E-01   0.000  1  GRAAL_2005_Bartalini
1170.000 -0.211325 -0.698225E+00  0.290000E-01   0.000  1  GRAAL_2005_Bartalini
1180.000 -0.211325 -0.682133E+00  0.280000E-01   0.000  1  GRAAL_2005_Bartalini
1200.000 -0.211325 -0.620946E+00  0.280000E-01   0.000  1  GRAAL_2005_Bartalini
1210.000 -0.211325 -0.575247E+00  0.280000E-01   0.000  1  GRAAL_2005_Bartalini
1230.000 -0.211325 -0.484605E+00  0.280000E-01   0.000  1  GRAAL_2005_Bartalini
1240.000 -0.211325 -0.457589E+00  0.410000E-01   0.000  1  GRAAL_2005_Bartalini
1260.000 -0.211325 -0.412573E+00  0.410000E-01   0.000  1  GRAAL_2005_Bartalini
1270.000 -0.211325 -0.369896E+00  0.290000E-01   0.000  1  GRAAL_2005_Bartalini
1280.000 -0.211325 -0.317336E+00  0.290000E-01   0.000  1  GRAAL_2005_Bartalini
1290.000 -0.211325 -0.267998E+00  0.280000E-01   0.000  1  GRAAL_2005_Bartalini
1310.000 -0.211325 -0.189019E+00  0.280000E-01   0.000  1  GRAAL_2005_Bartalini
1320.000 -0.211325 -0.139701E+00  0.330000E-01   0.000  1  GRAAL_2005_Bartalini
1340.000 -0.211325 -0.275796E-01  0.330000E-01   0.000  1  GRAAL_2005_Bartalini
1350.000 -0.211325 -0.279622E-03  0.270000E-01   0.000  1  GRAAL_2005_Bartalini
1370.000 -0.211325  0.202782E-01  0.270000E-01   0.000  1  GRAAL_2005_Bartalini
1380.000 -0.211325  0.569307E-01  0.290000E-01   0.000  1  GRAAL_2005_Bartalini
1390.000 -0.211325  0.110073E+00  0.290000E-01   0.000  1  GRAAL_2005_Bartalini
1400.000 -0.211325  0.163069E+00  0.310000E-01   0.000  1  GRAAL_2005_Bartalini
1420.000 -0.211325  0.232997E+00  0.310000E-01   0.000  1  GRAAL_2005_Bartalini
1430.000 -0.211325  0.250429E+00  0.260000E-01   0.000  1  GRAAL_2005_Bartalini
1450.000 -0.211325  0.277906E+00  0.340000E-01   0.000  1  GRAAL_2005_Bartalini
1470.000 -0.211325  0.341592E+00  0.340000E-01   0.000  1  GRAAL_2005_Bartalini
   60
 550.000 -0.069756  0.681887E+00  0.440000E-01   0.000  1  GRAAL_2005_Bartalini
 560.000 -0.069756  0.709543E+00  0.440000E-01   0.000  1  GRAAL_2005_Bartalini
 570.000 -0.069756  0.737478E+00  0.440000E-01   0.000  1  GRAAL_2005_Bartalini
 580.000 -0.069756  0.759430E+00  0.310000E-01   0.000  1  GRAAL_2005_Bartalini
 610.000 -0.069756  0.790371E+00  0.310000E-01   0.000  1  GRAAL_2005_Bartalini
 620.000 -0.069756  0.797834E+00  0.330000E-01   0.000  1  GRAAL_2005_Bartalini
 660.000 -0.069756  0.833162E+00  0.330000E-01   0.000  1  GRAAL_2005_Bartalini
 670.000 -0.069756  0.839081E+00  0.220000E-01   0.000  1  GRAAL_2005_Bartalini
 700.000 -0.069756  0.851985E+00  0.220000E-01   0.000  1  GRAAL_2005_Bartalini
 710.000 -0.069756  0.859589E+00  0.240000E-01   0.000  1  GRAAL_2005_Bartalini
 730.000 -0.069756  0.869261E+00  0.240000E-01   0.000  1  GRAAL_2005_Bartalini
 740.000 -0.069756  0.861344E+00  0.250000E-01   0.000  1  GRAAL_2005_Bartalini
 760.000 -0.069756  0.817930E+00  0.250000E-01   0.000  1  GRAAL_2005_Bartalini
 770.000 -0.069756  0.792584E+00  0.220000E-01   0.000  1  GRAAL_2005_Bartalini
 800.000 -0.069756  0.721869E+00  0.220000E-01   0.000  1  GRAAL_2005_Bartalini
 810.000 -0.069756  0.690568E+00  0.200000E-01   0.000  1  GRAAL_2005_Bartalini
 820.000 -0.069756  0.656231E+00  0.200000E-01   0.000  1  GRAAL_2005_Bartalini
 830.000 -0.069756  0.623188E+00  0.190000E-01   0.000  1  GRAAL_2005_Bartalini
 860.000 -0.069756  0.536788E+00  0.190000E-01   0.000  1  GRAAL_2005_Bartalini
 870.000 -0.069756  0.506942E+00  0.180000E-01   0.000  1  GRAAL_2005_Bartalini
 890.000 -0.069756  0.436138E+00  0.180000E-01   0.000  1  GRAAL_2005_Bartalini
 900.000 -0.069756  0.392133E+00  0.150000E-01   0.000  1  GRAAL_2005_Bartalini
 920.000 -0.069756  0.282771E+00  0.150000E-01   0.000  1  GRAAL_2005_Bartalini
 930.000 -0.069756  0.217142E+00  0.180000E-01   0.000  1  GRAAL_2005_Bartalini
 960.000 -0.069756  0.459722E-02  0.180000E-01   0.000  1  GRAAL_2005_Bartalini
 970.000 -0.069756 -0.540611E-01  0.140000E-01   0.000  1  GRAAL_2005_Bartalini
 990.000 -0.069756 -0.156622E+00  0.140000E-01   0.000  1  GRAAL_2005_Bartalini
1000.000 -0.069756 -0.209903E+00  0.140000E-01   0.000  1  GRAAL_2005_Bartalini
1020.000 -0.069756 -0.313271E+00  0.140000E-01   0.000  1  GRAAL_2005_Bartalini
1030.000 -0.069756 -0.353884E+00  0.150000E-01   0.000  1  GRAAL_2005_Bartalini
1050.000 -0.069756 -0.417622E+00  0.150000E-01   0.000  1  GRAAL_2005_Bartalini
1060.000 -0.069756 -0.450130E+00  0.170000E-01   0.000  1  GRAAL_2005_Bartalini
1080.000 -0.069756 -0.509480E+00  0.170000E-01   0.000  1  GRAAL_2005_Bartalini
1090.000 -0.069756 -0.523629E+00  0.220000E-01   0.000  1  GRAAL_2005_Bartalini
1110.000 -0.069756 -0.523520E+00  0.220000E-01   0.000  1  GRAAL_2005_Bartalini
1120.000 -0.069756 -0.523603E+00  0.250000E-01   0.000  1  GRAAL_2005_Bartalini
1140.000 -0.069756 -0.517085E+00  0.250000E-01   0.000  1  GRAAL_2005_Bartalini
1150.000 -0.069756 -0.493879E+00  0.270000E-01   0.000  1  GRAAL_2005_Bartalini
1170.000 -0.069756 -0.421020E+00  0.270000E-01   0.000  1  GRAAL_2005_Bartalini
1180.000 -0.069756 -0.394707E+00  0.280000E-01   0.000  1  GRAAL_2005_Bartalini
1200.000 -0.069756 -0.354572E+00  0.280000E-01   0.000  1  GRAAL_2005_Bartalini
1210.000 -0.069756 -0.313449E+00  0.290000E-01   0.000  1  GRAAL_2005_Bartalini
1230.000 -0.069756 -0.206341E+00  0.290000E-01   0.000  1  GRAAL_2005_Bartalini
1240.000 -0.069756 -0.165833E+00  0.410000E-01   0.000  1  GRAAL_2005_Bartalini
1260.000 -0.069756 -0.112791E+00  0.410000E-01   0.000  1  GRAAL_2005_Bartalini
1270.000 -0.069756 -0.870518E-01  0.290000E-01   0.000  1  GRAAL_2005_Bartalini
1280.000 -0.069756 -0.561653E-01  0.290000E-01   0.000  1  GRAAL_2005_Bartalini
1290.000 -0.069756 -0.175419E-01  0.320000E-01   0.000  1  GRAAL_2005_Bartalini
1310.000 -0.069756  0.738202E-01  0.320000E-01   0.000  1  GRAAL_2005_Bartalini
1320.000 -0.069756  0.110706E+00  0.280000E-01   0.000  1  GRAAL_2005_Bartalini
1340.000 -0.069756  0.162708E+00  0.280000E-01   0.000  1  GRAAL_2005_Bartalini
1350.000 -0.069756  0.196830E+00  0.270000E-01   0.000  1  GRAAL_2005_Bartalini
1370.000 -0.069756  0.261579E+00  0.270000E-01   0.000  1  GRAAL_2005_Bartalini
1380.000 -0.069756  0.266216E+00  0.320000E-01   0.000  1  GRAAL_2005_Bartalini
1390.000 -0.069756  0.267146E+00  0.320000E-01   0.000  1  GRAAL_2005_Bartalini
1400.000 -0.069756  0.292218E+00  0.260000E-01   0.000  1  GRAAL_2005_Bartalini
1420.000 -0.069756  0.397501E+00  0.260000E-01   0.000  1  GRAAL_2005_Bartalini
1430.000 -0.069756  0.395875E+00  0.320000E-01   0.000  1  GRAAL_2005_Bartalini
1450.000 -0.069756  0.321000E+00  0.290000E-01   0.000  1  GRAAL_2005_Bartalini
1470.000 -0.069756  0.424502E+00  0.290000E-01   0.000  1  GRAAL_2005_Bartalini
   60
 550.000  0.066274  0.653233E+00  0.400000E-01   0.000  1  GRAAL_2005_Bartalini
 560.000  0.066274  0.663307E+00  0.400000E-01   0.000  1  GRAAL_2005_Bartalini
 570.000  0.066274  0.674900E+00  0.400000E-01   0.000  1  GRAAL_2005_Bartalini
 580.000  0.066274  0.687351E+00  0.320000E-01   0.000  1  GRAAL_2005_Bartalini
 610.000  0.066274  0.732261E+00  0.320000E-01   0.000  1  GRAAL_2005_Bartalini
 620.000  0.066274  0.749974E+00  0.330000E-01   0.000  1  GRAAL_2005_Bartalini
 660.000  0.066274  0.817343E+00  0.330000E-01   0.000  1  GRAAL_2005_Bartalini
 670.000  0.066274  0.827388E+00  0.220000E-01   0.000  1  GRAAL_2005_Bartalini
 700.000  0.066274  0.844833E+00  0.220000E-01   0.000  1  GRAAL_2005_Bartalini
 710.000  0.066274  0.853673E+00  0.240000E-01   0.000  1  GRAAL_2005_Bartalini
 730.000  0.066274  0.871242E+00  0.240000E-01   0.000  1  GRAAL_2005_Bartalini
 740.000  0.066274  0.872417E+00  0.220000E-01   0.000  1  GRAAL_2005_Bartalini
 760.000  0.066274  0.853151E+00  0.220000E-01   0.000  1  GRAAL_2005_Bartalini
 770.000  0.066274  0.836159E+00  0.230000E-01   0.000  1  GRAAL_2005_Bartalini
 800.000  0.066274  0.760728E+00  0.230000E-01   0.000  1  GRAAL_2005_Bartalini
 810.000  0.066274  0.723610E+00  0.210000E-01   0.000  1  GRAAL_2005_Bartalini
 820.000  0.066274  0.685059E+00  0.210000E-01   0.000  1  GRAAL_2005_Bartalini
 830.000  0.066274  0.651939E+00  0.230000E-01   0.000  1  GRAAL_2005_Bartalini
 860.000  0.066274  0.580663E+00  0.230000E-01   0.000  1  GRAAL_2005_Bartalini
 870.000  0.066274  0.552016E+00  0.200000E-01   0.000  1  GRAAL_2005_Bartalini
 890.000  0.066274  0.480158E+00  0.200000E-01   0.000  1  GRAAL_2005_Bartalini
 900.000  0.066274  0.440034E+00  0.160000E-01   0.000  1  GRAAL_2005_Bartalini
 920.000  0.066274  0.350843E+00  0.160000E-01   0.000  1  GRAAL_2005_Bartalini
 930.000  0.066274  0.298244E+00  0.170000E-01   0.000  1  GRAAL_2005_Bartalini
 960.000  0.066274  0.127061E+00  0.170000E-01   0.000  1  GRAAL_2005_Bartalini
 970.000  0.066274  0.843158E-01  0.150000E-01   0.000  1  GRAAL_2005_Bartalini
 990.000  0.066274  0.214054E-01  0.150000E-01   0.000  1  GRAAL_2005_Bartalini
1000.000  0.066274 -0.668322E-02  0.140000E-01   0.000  1  GRAAL_2005_Bartalini
1020.000  0.066274 -0.635617E-01  0.140000E-01   0.000  1  GRAAL_2005_Bartalini
1030.000  0.066274 -0.921466E-01  0.150000E-01   0.000  1  GRAAL_2005_Bartalini
1050.000  0.066274 -0.134884E+00  0.150000E-01   0.000  1  GRAAL_2005_Bartalini
1060.000  0.066274 -0.139738E+00  0.160000E-01   0.000  1  GRAAL_2005_Bartalini
1080.000  0.066274 -0.134643E+00  0.160000E-01   0.000  1  GRAAL_2005_Bartalini
1090.000  0.066274 -0.145383E+00  0.170000E-01   0.000  1  GRAAL_2005_Bartalini
1110.000  0.066274 -0.187319E+00  0.170000E-01   0.000  1  GRAAL_2005_Bartalini
1120.000  0.066274 -0.193550E+00  0.240000E-01   0.000  1  GRAAL_2005_Bartalini
1140.000  0.066274 -0.170640E+00  0.240000E-01   0.000  1  GRAAL_2005_Bartalini
1150.000  0.066274 -0.157820E+00  0.290000E-01   0.000  1  GRAAL_2005_Bartalini
1170.000  0.066274 -0.123634E+00  0.290000E-01   0.000  1  GRAAL_2005_Bartalini
1180.000  0.066274 -0.846726E-01  0.280000E-01   0.000  1  GRAAL_2005_Bartalini
1200.000  0.066274  0.201868E-01  0.280000E-01   0.000  1  GRAAL_2005_Bartalini
1210.000  0.066274  0.570107E-01  0.280000E-01   0.000  1  GRAAL_2005_Bartalini
1230.000  0.066274  0.101506E+00  0.280000E-01   0.000  1  GRAAL_2005_Bartalini
1240.000  0.066274  0.126687E+00  0.300000E-01   0.000  1  GRAAL_2005_Bartalini
1260.000  0.066274  0.187939E+00  0.300000E-01   0.000  1  GRAAL_2005_Bartalini
1270.000  0.066274  0.217122E+00  0.300000E-01   0.000  1  GRAAL_2005_Bartalini
1280.000  0.066274  0.241834E+00  0.300000E-01   0.000  1  GRAAL_2005_Bartalini
1290.000  0.066274  0.260022E+00  0.310000E-01   0.000  1  GRAAL_2005_Bartalini
1310.000  0.066274  0.279034E+00  0.310000E-01   0.000  1  GRAAL_2005_Bartalini
1320.000  0.066274  0.287067E+00  0.290000E-01   0.000  1  GRAAL_2005_Bartalini
1340.000  0.066274  0.323992E+00  0.290000E-01   0.000  1  GRAAL_2005_Bartalini
1350.000  0.066274  0.363972E+00  0.280000E-01   0.000  1  GRAAL_2005_Bartalini
1370.000  0.066274  0.440071E+00  0.280000E-01   0.000  1  GRAAL_2005_Bartalini
1380.000  0.066274  0.438201E+00  0.340000E-01   0.000  1  GRAAL_2005_Bartalini
1390.000  0.066274  0.419685E+00  0.340000E-01   0.000  1  GRAAL_2005_Bartalini
1400.000  0.066274  0.410471E+00  0.290000E-01   0.000  1  GRAAL_2005_Bartalini
1420.000  0.066274  0.449037E+00  0.290000E-01   0.000  1  GRAAL_2005_Bartalini
1430.000  0.066274  0.468092E+00  0.310000E-01   0.000  1  GRAAL_2005_Bartalini
1450.000  0.066274  0.482932E+00  0.310000E-01   0.000  1  GRAAL_2005_Bartalini
1470.000  0.066274  0.502163E+00  0.310000E-01   0.000  1  GRAAL_2005_Bartalini
   60
 550.000  0.197657  0.590877E+00  0.410000E-01   0.000  1  GRAAL_2005_Bartalini
 560.000  0.197657  0.591497E+00  0.410000E-01   0.000  1  GRAAL_2005_Bartalini
 570.000  0.197657  0.593944E+00  0.410000E-01   0.000  1  GRAAL_2005_Bartalini
 580.000  0.197657  0.600158E+00  0.330000E-01   0.000  1  GRAAL_2005_Bartalini
 610.000  0.197657  0.650335E+00  0.330000E-01   0.000  1  GRAAL_2005_Bartalini
 620.000  0.197657  0.677639E+00  0.330000E-01   0.000  1  GRAAL_2005_Bartalini
 660.000  0.197657  0.805210E+00  0.330000E-01   0.000  1  GRAAL_2005_Bartalini
 670.000  0.197657  0.830307E+00  0.220000E-01   0.000  1  GRAAL_2005_Bartalini
 700.000  0.197657  0.870554E+00  0.220000E-01   0.000  1  GRAAL_2005_Bartalini
 710.000  0.197657  0.873791E+00  0.230000E-01   0.000  1  GRAAL_2005_Bartalini
 730.000  0.197657  0.868768E+00  0.230000E-01   0.000  1  GRAAL_2005_Bartalini
 740.000  0.197657  0.862056E+00  0.220000E-01   0.000  1  GRAAL_2005_Bartalini
 760.000  0.197657  0.842442E+00  0.220000E-01   0.000  1  GRAAL_2005_Bartalini
 770.000  0.197657  0.829630E+00  0.230000E-01   0.000  1  GRAAL_2005_Bartalini
 800.000  0.197657  0.765380E+00  0.230000E-01   0.000  1  GRAAL_2005_Bartalini
 810.000  0.197657  0.727859E+00  0.210000E-01   0.000  1  GRAAL_2005_Bartalini
 820.000  0.197657  0.688408E+00  0.210000E-01   0.000  1  GRAAL_2005_Bartalini
 830.000  0.197657  0.656911E+00  0.190000E-01   0.000  1  GRAAL_2005_Bartalini
 860.000  0.197657  0.598222E+00  0.190000E-01   0.000  1  GRAAL_2005_Bartalini
 870.000  0.197657  0.567625E+00  0.190000E-01   0.000  1  GRAAL_2005_Bartalini
 890.000  0.197657  0.487806E+00  0.190000E-01   0.000  1  GRAAL_2005_Bartalini
 900.000  0.197657  0.449455E+00  0.180000E-01   0.000  1  GRAAL_2005_Bartalini
 920.000  0.197657  0.381768E+00  0.180000E-01   0.000  1  GRAAL_2005_Bartalini
 930.000  0.197657  0.346263E+00  0.180000E-01   0.000  1  GRAAL_2005_Bartalini
 960.000  0.197657  0.245794E+00  0.180000E-01   0.000  1  GRAAL_2005_Bartalini
 970.000  0.197657  0.234833E+00  0.160000E-01   0.000  1  GRAAL_2005_Bartalini
 990.000  0.197657  0.237671E+00  0.160000E-01   0.000  1  GRAAL_2005_Bartalini
1000.000  0.197657  0.237258E+00  0.170000E-01   0.000  1  GRAAL_2005_Bartalini
1020.000  0.197657  0.228368E+00  0.170000E-01   0.000  1  GRAAL_2005_Bartalini
1030.000  0.197657  0.225190E+00  0.150000E-01   0.000  1  GRAAL_2005_Bartalini
1050.000  0.197657  0.223635E+00  0.150000E-01   0.000  1  GRAAL_2005_Bartalini
1060.000  0.197657  0.223075E+00  0.160000E-01   0.000  1  GRAAL_2005_Bartalini
1080.000  0.197657  0.216350E+00  0.160000E-01   0.000  1  GRAAL_2005_Bartalini
1090.000  0.197657  0.207743E+00  0.170000E-01   0.000  1  GRAAL_2005_Bartalini
1110.000  0.197657  0.192266E+00  0.170000E-01   0.000  1  GRAAL_2005_Bartalini
1120.000  0.197657  0.197205E+00  0.240000E-01   0.000  1  GRAAL_2005_Bartalini
1140.000  0.197657  0.231569E+00  0.240000E-01   0.000  1  GRAAL_2005_Bartalini
1150.000  0.197657  0.250576E+00  0.290000E-01   0.000  1  GRAAL_2005_Bartalini
1170.000  0.197657  0.282633E+00  0.290000E-01   0.000  1  GRAAL_2005_Bartalini
1180.000  0.197657  0.297546E+00  0.410000E-01   0.000  1  GRAAL_2005_Bartalini
1200.000  0.197657  0.342200E+00  0.410000E-01   0.000  1  GRAAL_2005_Bartalini
1210.000  0.197657  0.381528E+00  0.280000E-01   0.000  1  GRAAL_2005_Bartalini
1230.000  0.197657  0.442896E+00  0.280000E-01   0.000  1  GRAAL_2005_Bartalini
1240.000  0.197657  0.431006E+00  0.300000E-01   0.000  1  GRAAL_2005_Bartalini
1260.000  0.197657  0.387217E+00  0.300000E-01   0.000  1  GRAAL_2005_Bartalini
1270.000  0.197657  0.409067E+00  0.300000E-01   0.000  1  GRAAL_2005_Bartalini
1280.000  0.197657  0.451033E+00  0.300000E-01   0.000  1  GRAAL_2005_Bartalini
1290.000  0.197657  0.482936E+00  0.310000E-01   0.000  1  GRAAL_2005_Bartalini
1310.000  0.197657  0.480507E+00  0.310000E-01   0.000  1  GRAAL_2005_Bartalini
1320.000  0.197657  0.477620E+00  0.290000E-01   0.000  1  GRAAL_2005_Bartalini
1340.000  0.197657  0.499040E+00  0.290000E-01   0.000  1  GRAAL_2005_Bartalini
1350.000  0.197657  0.502915E+00  0.300000E-01   0.000  1  GRAAL_2005_Bartalini
1370.000  0.197657  0.495469E+00  0.300000E-01   0.000  1  GRAAL_2005_Bartalini
1380.000  0.197657  0.499153E+00  0.290000E-01   0.000  1  GRAAL_2005_Bartalini
1390.000  0.197657  0.503614E+00  0.290000E-01   0.000  1  GRAAL_2005_Bartalini
1400.000  0.197657  0.498304E+00  0.300000E-01   0.000  1  GRAAL_2005_Bartalini
1420.000  0.197657  0.471720E+00  0.300000E-01   0.000  1  GRAAL_2005_Bartalini
1430.000  0.197657  0.488531E+00  0.340000E-01   0.000  1  GRAAL_2005_Bartalini
1450.000  0.197657  0.552063E+00  0.340000E-01   0.000  1  GRAAL_2005_Bartalini
1470.000  0.197657  0.505785E+00  0.340000E-01   0.000  1  GRAAL_2005_Bartalini
   60
 550.000  0.335452  0.477334E+00  0.410000E-01   0.000  1  GRAAL_2005_Bartalini
 560.000  0.335452  0.481477E+00  0.410000E-01   0.000  1  GRAAL_2005_Bartalini
 570.000  0.335452  0.488575E+00  0.410000E-01   0.000  1  GRAAL_2005_Bartalini
 580.000  0.335452  0.501010E+00  0.330000E-01   0.000  1  GRAAL_2005_Bartalini
 610.000  0.335452  0.579268E+00  0.330000E-01   0.000  1  GRAAL_2005_Bartalini
 620.000  0.335452  0.616901E+00  0.330000E-01   0.000  1  GRAAL_2005_Bartalini
 660.000  0.335452  0.780766E+00  0.330000E-01   0.000  1  GRAAL_2005_Bartalini
 670.000  0.335452  0.813087E+00  0.230000E-01   0.000  1  GRAAL_2005_Bartalini
 700.000  0.335452  0.869413E+00  0.230000E-01   0.000  1  GRAAL_2005_Bartalini
 710.000  0.335452  0.876131E+00  0.260000E-01   0.000  1  GRAAL_2005_Bartalini
 730.000  0.335452  0.875787E+00  0.260000E-01   0.000  1  GRAAL_2005_Bartalini
 740.000  0.335452  0.870632E+00  0.230000E-01   0.000  1  GRAAL_2005_Bartalini
 760.000  0.335452  0.852255E+00  0.230000E-01   0.000  1  GRAAL_2005_Bartalini
 770.000  0.335452  0.838420E+00  0.230000E-01   0.000  1  GRAAL_2005_Bartalini
 800.000  0.335452  0.772931E+00  0.230000E-01   0.000  1  GRAAL_2005_Bartalini
 810.000  0.335452  0.741722E+00  0.230000E-01   0.000  1  GRAAL_2005_Bartalini
 820.000  0.335452  0.709207E+00  0.230000E-01   0.000  1  GRAAL_2005_Bartalini
 830.000  0.335452  0.679941E+00  0.190000E-01   0.000  1  GRAAL_2005_Bartalini
 860.000  0.335452  0.608257E+00  0.190000E-01   0.000  1  GRAAL_2005_Bartalini
 870.000  0.335452  0.580126E+00  0.180000E-01   0.000  1  GRAAL_2005_Bartalini
 890.000  0.335452  0.514296E+00  0.180000E-01   0.000  1  GRAAL_2005_Bartalini
 900.000  0.335452  0.479803E+00  0.170000E-01   0.000  1  GRAAL_2005_Bartalini
 920.000  0.335452  0.420104E+00  0.170000E-01   0.000  1  GRAAL_2005_Bartalini
 930.000  0.335452  0.401642E+00  0.170000E-01   0.000  1  GRAAL_2005_Bartalini
 960.000  0.335452  0.398475E+00  0.170000E-01   0.000  1  GRAAL_2005_Bartalini
 970.000  0.335452  0.404828E+00  0.160000E-01   0.000  1  GRAAL_2005_Bartalini
 990.000  0.335452  0.428621E+00  0.160000E-01   0.000  1  GRAAL_2005_Bartalini
1000.000  0.335452  0.450253E+00  0.170000E-01   0.000  1  GRAAL_2005_Bartalini
1020.000  0.335452  0.499440E+00  0.170000E-01   0.000  1  GRAAL_2005_Bartalini
1030.000  0.335452  0.516372E+00  0.150000E-01   0.000  1  GRAAL_2005_Bartalini
1050.000  0.335452  0.529071E+00  0.150000E-01   0.000  1  GRAAL_2005_Bartalini
1060.000  0.335452  0.528278E+00  0.190000E-01   0.000  1  GRAAL_2005_Bartalini
1080.000  0.335452  0.519281E+00  0.190000E-01   0.000  1  GRAAL_2005_Bartalini
1090.000  0.335452  0.513241E+00  0.190000E-01   0.000  1  GRAAL_2005_Bartalini
1110.000  0.335452  0.506029E+00  0.190000E-01   0.000  1  GRAAL_2005_Bartalini
1120.000  0.335452  0.508856E+00  0.230000E-01   0.000  1  GRAAL_2005_Bartalini
1140.000  0.335452  0.522572E+00  0.230000E-01   0.000  1  GRAAL_2005_Bartalini
1150.000  0.335452  0.526858E+00  0.250000E-01   0.000  1  GRAAL_2005_Bartalini
1170.000  0.335452  0.534619E+00  0.250000E-01   0.000  1  GRAAL_2005_Bartalini
1180.000  0.335452  0.546529E+00  0.330000E-01   0.000  1  GRAAL_2005_Bartalini
1200.000  0.335452  0.570047E+00  0.330000E-01   0.000  1  GRAAL_2005_Bartalini
1210.000  0.335452  0.562128E+00  0.270000E-01   0.000  1  GRAAL_2005_Bartalini
1230.000  0.335452  0.530880E+00  0.270000E-01   0.000  1  GRAAL_2005_Bartalini
1240.000  0.335452  0.532548E+00  0.270000E-01   0.000  1  GRAAL_2005_Bartalini
1260.000  0.335452  0.569902E+00  0.270000E-01   0.000  1  GRAAL_2005_Bartalini
1270.000  0.335452  0.591267E+00  0.280000E-01   0.000  1  GRAAL_2005_Bartalini
1280.000  0.335452  0.608914E+00  0.280000E-01   0.000  1  GRAAL_2005_Bartalini
1290.000  0.335452  0.620832E+00  0.280000E-01   0.000  1  GRAAL_2005_Bartalini
1310.000  0.335452  0.625250E+00  0.280000E-01   0.000  1  GRAAL_2005_Bartalini
1320.000  0.335452  0.620033E+00  0.300000E-01   0.000  1  GRAAL_2005_Bartalini
1340.000  0.335452  0.598859E+00  0.300000E-01   0.000  1  GRAAL_2005_Bartalini
1350.000  0.335452  0.583557E+00  0.340000E-01   0.000  1  GRAAL_2005_Bartalini
1370.000  0.335452  0.568669E+00  0.340000E-01   0.000  1  GRAAL_2005_Bartalini
1380.000  0.335452  0.584004E+00  0.320000E-01   0.000  1  GRAAL_2005_Bartalini
1390.000  0.335452  0.605966E+00  0.320000E-01   0.000  1  GRAAL_2005_Bartalini
1400.000  0.335452  0.618473E+00  0.320000E-01   0.000  1  GRAAL_2005_Bartalini
1420.000  0.335452  0.592164E+00  0.320000E-01   0.000  1  GRAAL_2005_Bartalini
1430.000  0.335452  0.566000E+00  0.340000E-01   0.000  1  GRAAL_2005_Bartalini
1450.000  0.335452  0.511985E+00  0.380000E-01   0.000  1  GRAAL_2005_Bartalini
1470.000  0.335452  0.466709E+00  0.380000E-01   0.000  1  GRAAL_2005_Bartalini
   57
 580.000  0.475624  0.424943E+00  0.340000E-01   0.000  1  GRAAL_2005_Bartalini
 610.000  0.475624  0.408892E+00  0.340000E-01   0.000  1  GRAAL_2005_Bartalini
 620.000  0.475624  0.442379E+00  0.360000E-01   0.000  1  GRAAL_2005_Bartalini
 660.000  0.475624  0.709468E+00  0.360000E-01   0.000  1  GRAAL_2005_Bartalini
 670.000  0.475624  0.759518E+00  0.260000E-01   0.000  1  GRAAL_2005_Bartalini
 700.000  0.475624  0.820744E+00  0.260000E-01   0.000  1  GRAAL_2005_Bartalini
 710.000  0.475624  0.834608E+00  0.230000E-01   0.000  1  GRAAL_2005_Bartalini
 730.000  0.475624  0.860161E+00  0.230000E-01   0.000  1  GRAAL_2005_Bartalini
 740.000  0.475624  0.862622E+00  0.230000E-01   0.000  1  GRAAL_2005_Bartalini
 760.000  0.475624  0.840988E+00  0.230000E-01   0.000  1  GRAAL_2005_Bartalini
 770.000  0.475624  0.822783E+00  0.210000E-01   0.000  1  GRAAL_2005_Bartalini
 800.000  0.475624  0.758357E+00  0.210000E-01   0.000  1  GRAAL_2005_Bartalini
 810.000  0.475624  0.732661E+00  0.210000E-01   0.000  1  GRAAL_2005_Bartalini
 820.000  0.475624  0.703867E+00  0.210000E-01   0.000  1  GRAAL_2005_Bartalini
 830.000  0.475624  0.671231E+00  0.220000E-01   0.000  1  GRAAL_2005_Bartalini
 860.000  0.475624  0.566313E+00  0.220000E-01   0.000  1  GRAAL_2005_Bartalini
 870.000  0.475624  0.538284E+00  0.230000E-01   0.000  1  GRAAL_2005_Bartalini
 890.000  0.475624  0.497475E+00  0.230000E-01   0.000  1  GRAAL_2005_Bartalini
 900.000  0.475624  0.482865E+00  0.180000E-01   0.000  1  GRAAL_2005_Bartalini
 920.000  0.475624  0.469577E+00  0.180000E-01   0.000  1  GRAAL_2005_Bartalini
 930.000  0.475624  0.476208E+00  0.190000E-01   0.000  1  GRAAL_2005_Bartalini
 960.000  0.475624  0.556561E+00  0.190000E-01   0.000  1  GRAAL_2005_Bartalini
 970.000  0.475624  0.595841E+00  0.170000E-01   0.000  1  GRAAL_2005_Bartalini
 990.000  0.475624  0.665094E+00  0.170000E-01   0.000  1  GRAAL_2005_Bartalini
1000.000  0.475624  0.683502E+00  0.160000E-01   0.000  1  GRAAL_2005_Bartalini
1020.000  0.475624  0.697399E+00  0.160000E-01   0.000  1  GRAAL_2005_Bartalini
1030.000  0.475624  0.705016E+00  0.170000E-01   0.000  1  GRAAL_2005_Bartalini
1050.000  0.475624  0.718841E+00  0.170000E-01   0.000  1  GRAAL_2005_Bartalini
1060.000  0.475624  0.715170E+00  0.200000E-01   0.000  1  GRAAL_2005_Bartalini
1080.000  0.475624  0.697277E+00  0.200000E-01   0.000  1  GRAAL_2005_Bartalini
1090.000  0.475624  0.698741E+00  0.200000E-01   0.000  1  GRAAL_2005_Bartalini
1110.000  0.475624  0.712742E+00  0.200000E-01   0.000  1  GRAAL_2005_Bartalini
1120.000  0.475624  0.702614E+00  0.220000E-01   0.000  1  GRAAL_2005_Bartalini
1140.000  0.475624  0.661132E+00  0.220000E-01   0.000  1  GRAAL_2005_Bartalini
1150.000  0.475624  0.657769E+00  0.250000E-01   0.000  1  GRAAL_2005_Bartalini
1170.000  0.475624  0.690759E+00  0.250000E-01   0.000  1  GRAAL_2005_Bartalini
1180.000  0.475624  0.707372E+00  0.260000E-01   0.000  1  GRAAL_2005_Bartalini
1200.000  0.475624  0.722261E+00  0.260000E-01   0.000  1  GRAAL_2005_Bartalini
1210.000  0.475624  0.725386E+00  0.270000E-01   0.000  1  GRAAL_2005_Bartalini
1230.000  0.475624  0.725583E+00  0.270000E-01   0.000  1  GRAAL_2005_Bartalini
1240.000  0.475624  0.721761E+00  0.290000E-01   0.000  1  GRAAL_2005_Bartalini
1260.000  0.475624  0.720341E+00  0.290000E-01   0.000  1  GRAAL_2005_Bartalini
1270.000  0.475624  0.731035E+00  0.310000E-01   0.000  1  GRAAL_2005_Bartalini
1280.000  0.475624  0.747868E+00  0.310000E-01   0.000  1  GRAAL_2005_Bartalini
1290.000  0.475624  0.766096E+00  0.300000E-01   0.000  1  GRAAL_2005_Bartalini
1310.000  0.475624  0.789868E+00  0.300000E-01   0.000  1  GRAAL_2005_Bartalini
1320.000  0.475624  0.788267E+00  0.320000E-01   0.000  1  GRAAL_2005_Bartalini
1340.000  0.475624  0.759042E+00  0.320000E-01   0.000  1  GRAAL_2005_Bartalini
1350.000  0.475624  0.742291E+00  0.440000E-01   0.000  1  GRAAL_2005_Bartalini
1370.000  0.475624  0.723806E+00  0.440000E-01   0.000  1  GRAAL_2005_Bartalini
1380.000  0.475624  0.725238E+00  0.350000E-01   0.000  1  GRAAL_2005_Bartalini
1390.000  0.475624  0.726967E+00  0.350000E-01   0.000  1  GRAAL_2005_Bartalini
1400.000  0.475624  0.719241E+00  0.390000E-01   0.000  1  GRAAL_2005_Bartalini
1420.000  0.475624  0.658117E+00  0.390000E-01   0.000  1  GRAAL_2005_Bartalini
1430.000  0.475624  0.609049E+00  0.380000E-01   0.000  1  GRAAL_2005_Bartalini
1450.000  0.475624  0.520712E+00  0.460000E-01   0.000  1  GRAAL_2005_Bartalini
1470.000  0.475624  0.514934E+00  0.460000E-01   0.000  1  GRAAL_2005_Bartalini
   53
 670.000  0.605988  0.680917E+00  0.240000E-01   0.000  1  GRAAL_2005_Bartalini
 700.000  0.605988  0.811169E+00  0.240000E-01   0.000  1  GRAAL_2005_Bartalini
 710.000  0.605988  0.834743E+00  0.270000E-01   0.000  1  GRAAL_2005_Bartalini
 730.000  0.605988  0.846249E+00  0.270000E-01   0.000  1  GRAAL_2005_Bartalini
 740.000  0.605988  0.837565E+00  0.240000E-01   0.000  1  GRAAL_2005_Bartalini
 760.000  0.605988  0.807106E+00  0.240000E-01   0.000  1  GRAAL_2005_Bartalini
 770.000  0.605988  0.795111E+00  0.240000E-01   0.000  1  GRAAL_2005_Bartalini
 800.000  0.605988  0.762740E+00  0.240000E-01   0.000  1  GRAAL_2005_Bartalini
 810.000  0.605988  0.727838E+00  0.210000E-01   0.000  1  GRAAL_2005_Bartalini
 820.000  0.605988  0.684417E+00  0.210000E-01   0.000  1  GRAAL_2005_Bartalini
 830.000  0.605988  0.645256E+00  0.220000E-01   0.000  1  GRAAL_2005_Bartalini
 860.000  0.605988  0.564961E+00  0.220000E-01   0.000  1  GRAAL_2005_Bartalini
 870.000  0.605988  0.534644E+00  0.280000E-01   0.000  1  GRAAL_2005_Bartalini
 890.000  0.605988  0.484550E+00  0.280000E-01   0.000  1  GRAAL_2005_Bartalini
 900.000  0.605988  0.483025E+00  0.210000E-01   0.000  1  GRAAL_2005_Bartalini
 920.000  0.605988  0.532658E+00  0.210000E-01   0.000  1  GRAAL_2005_Bartalini
 930.000  0.605988  0.570052E+00  0.190000E-01   0.000  1  GRAAL_2005_Bartalini
 960.000  0.605988  0.682032E+00  0.190000E-01   0.000  1  GRAAL_2005_Bartalini
 970.000  0.605988  0.717632E+00  0.190000E-01   0.000  1  GRAAL_2005_Bartalini
 990.000  0.605988  0.778825E+00  0.190000E-01   0.000  1  GRAAL_2005_Bartalini
1000.000  0.605988  0.800571E+00  0.210000E-01   0.000  1  GRAAL_2005_Bartalini
1020.000  0.605988  0.820880E+00  0.210000E-01   0.000  1  GRAAL_2005_Bartalini
1030.000  0.605988  0.818575E+00  0.230000E-01   0.000  1  GRAAL_2005_Bartalini
1050.000  0.605988  0.804871E+00  0.230000E-01   0.000  1  GRAAL_2005_Bartalini
1060.000  0.605988  0.804355E+00  0.230000E-01   0.000  1  GRAAL_2005_Bartalini
1080.000  0.605988  0.808003E+00  0.230000E-01   0.000  1  GRAAL_2005_Bartalini
1090.000  0.605988  0.797599E+00  0.190000E-01   0.000  1  GRAAL_2005_Bartalini
1110.000  0.605988  0.766059E+00  0.190000E-01   0.000  1  GRAAL_2005_Bartalini
1120.000  0.605988  0.769628E+00  0.250000E-01   0.000  1  GRAAL_2005_Bartalini
1140.000  0.605988  0.805768E+00  0.250000E-01   0.000  1  GRAAL_2005_Bartalini
1150.000  0.605988  0.811049E+00  0.260000E-01   0.000  1  GRAAL_2005_Bartalini
1170.000  0.605988  0.788879E+00  0.260000E-01   0.000  1  GRAAL_2005_Bartalini
1180.000  0.605988  0.779123E+00  0.310000E-01   0.000  1  GRAAL_2005_Bartalini
1200.000  0.605988  0.792949E+00  0.310000E-01   0.000  1  GRAAL_2005_Bartalini
1210.000  0.605988  0.821569E+00  0.300000E-01   0.000  1  GRAAL_2005_Bartalini
1230.000  0.605988  0.879129E+00  0.300000E-01   0.000  1  GRAAL_2005_Bartalini
1240.000  0.605988  0.880627E+00  0.320000E-01   0.000  1  GRAAL_2005_Bartalini
1260.000  0.605988  0.857397E+00  0.320000E-01   0.000  1  GRAAL_2005_Bartalini
1270.000  0.605988  0.862896E+00  0.310000E-01   0.000  1  GRAAL_2005_Bartalini
1280.000  0.605988  0.876945E+00  0.310000E-01   0.000  1  GRAAL_2005_Bartalini
1290.000  0.605988  0.885399E+00  0.300000E-01   0.000  1  GRAAL_2005_Bartalini
1310.000  0.605988  0.870508E+00  0.300000E-01   0.000  1  GRAAL_2005_Bartalini
1320.000  0.605988  0.863930E+00  0.350000E-01   0.000  1  GRAAL_2005_Bartalini
1340.000  0.605988  0.865286E+00  0.350000E-01   0.000  1  GRAAL_2005_Bartalini
1350.000  0.605988  0.859409E+00  0.390000E-01   0.000  1  GRAAL_2005_Bartalini
1370.000  0.605988  0.843577E+00  0.390000E-01   0.000  1  GRAAL_2005_Bartalini
1380.000  0.605988  0.850993E+00  0.350000E-01   0.000  1  GRAAL_2005_Bartalini
1390.000  0.605988  0.870401E+00  0.350000E-01   0.000  1  GRAAL_2005_Bartalini
1400.000  0.605988  0.897919E+00  0.390000E-01   0.000  1  GRAAL_2005_Bartalini
1420.000  0.605988  0.924241E+00  0.390000E-01   0.000  1  GRAAL_2005_Bartalini
1430.000  0.605988  0.876265E+00  0.380000E-01   0.000  1  GRAAL_2005_Bartalini
1450.000  0.605988  0.735540E+00  0.460000E-01   0.000  1  GRAAL_2005_Bartalini
1470.000  0.605988  0.788700E+00  0.460000E-01   0.000  1  GRAAL_2005_Bartalini
   44
 670.000  0.703395  0.652792E+00  0.240000E-01   0.000  1  GRAAL_2005_Bartalini
 700.000  0.703395  0.760231E+00  0.240000E-01   0.000  1  GRAAL_2005_Bartalini
 710.000  0.703395  0.775466E+00  0.270000E-01   0.000  1  GRAAL_2005_Bartalini
 730.000  0.703395  0.777544E+00  0.270000E-01   0.000  1  GRAAL_2005_Bartalini
 740.000  0.703395  0.773543E+00  0.240000E-01   0.000  1  GRAAL_2005_Bartalini
 760.000  0.703395  0.772086E+00  0.240000E-01   0.000  1  GRAAL_2005_Bartalini
 770.000  0.703395  0.778235E+00  0.240000E-01   0.000  1  GRAAL_2005_Bartalini
 800.000  0.703395  0.770997E+00  0.240000E-01   0.000  1  GRAAL_2005_Bartalini
 810.000  0.703395  0.722778E+00  0.210000E-01   0.000  1  GRAAL_2005_Bartalini
 820.000  0.703395  0.663791E+00  0.210000E-01   0.000  1  GRAAL_2005_Bartalini
 830.000  0.703395  0.621050E+00  0.220000E-01   0.000  1  GRAAL_2005_Bartalini
 860.000  0.703395  0.593454E+00  0.220000E-01   0.000  1  GRAAL_2005_Bartalini
 870.000  0.703395  0.572827E+00  0.280000E-01   0.000  1  GRAAL_2005_Bartalini
 890.000  0.703395  0.518758E+00  0.280000E-01   0.000  1  GRAAL_2005_Bartalini
 900.000  0.703395  0.511958E+00  0.210000E-01   0.000  1  GRAAL_2005_Bartalini
 920.000  0.703395  0.561071E+00  0.210000E-01   0.000  1  GRAAL_2005_Bartalini
 930.000  0.703395  0.608101E+00  0.200000E-01   0.000  1  GRAAL_2005_Bartalini
 960.000  0.703395  0.759035E+00  0.200000E-01   0.000  1  GRAAL_2005_Bartalini
 970.000  0.703395  0.783852E+00  0.210000E-01   0.000  1  GRAAL_2005_Bartalini
 990.000  0.703395  0.810130E+00  0.210000E-01   0.000  1  GRAAL_2005_Bartalini
1000.000  0.703395  0.831675E+00  0.220000E-01   0.000  1  GRAAL_2005_Bartalini
1020.000  0.703395  0.875810E+00  0.220000E-01   0.000  1  GRAAL_2005_Bartalini
1030.000  0.703395  0.877813E+00  0.220000E-01   0.000  1  GRAAL_2005_Bartalini
1050.000  0.703395  0.847711E+00  0.220000E-01   0.000  1  GRAAL_2005_Bartalini
1060.000  0.703395  0.833854E+00  0.220000E-01   0.000  1  GRAAL_2005_Bartalini
1080.000  0.703395  0.835050E+00  0.220000E-01   0.000  1  GRAAL_2005_Bartalini
1090.000  0.703395  0.853849E+00  0.230000E-01   0.000  1  GRAAL_2005_Bartalini
1110.000  0.703395  0.890333E+00  0.230000E-01   0.000  1  GRAAL_2005_Bartalini
1120.000  0.703395  0.875882E+00  0.250000E-01   0.000  1  GRAAL_2005_Bartalini
1140.000  0.703395  0.814598E+00  0.250000E-01   0.000  1  GRAAL_2005_Bartalini
1150.000  0.703395  0.817339E+00  0.260000E-01   0.000  1  GRAAL_2005_Bartalini
1170.000  0.703395  0.876156E+00  0.260000E-01   0.000  1  GRAAL_2005_Bartalini
1180.000  0.703395  0.881537E+00  0.310000E-01   0.000  1  GRAAL_2005_Bartalini
1200.000  0.703395  0.834962E+00  0.310000E-01   0.000  1  GRAAL_2005_Bartalini
1210.000  0.703395  0.824151E+00  0.300000E-01   0.000  1  GRAAL_2005_Bartalini
1230.000  0.703395  0.838060E+00  0.300000E-01   0.000  1  GRAAL_2005_Bartalini
1240.000  0.703395  0.846291E+00  0.320000E-01   0.000  1  GRAAL_2005_Bartalini
1260.000  0.703395  0.875237E+00  0.320000E-01   0.000  1  GRAAL_2005_Bartalini
1270.000  0.703395  0.908823E+00  0.310000E-01   0.000  1  GRAAL_2005_Bartalini
1280.000  0.703395  0.944972E+00  0.310000E-01   0.000  1  GRAAL_2005_Bartalini
1290.000  0.703395  0.966291E+00  0.370000E-01   0.000  1  GRAAL_2005_Bartalini
1310.000  0.703395  0.953824E+00  0.370000E-01   0.000  1  GRAAL_2005_Bartalini
1320.000  0.703395  0.949165E+00  0.560000E-01   0.000  1  GRAAL_2005_Bartalini
1340.000  0.703395  0.977893E+00  0.560000E-01   0.000  1  GRAAL_2005_Bartalini
