   13
   20
 175.000 -0.888897  0.170324E-01  0.168130E-01   0.000  1  CBMAMI_2008_Prakhov_
 180.000 -0.888897  0.256743E-01  0.158440E-01   0.000  1  CBMAMI_2008_Prakhov_
 185.000 -0.888897  0.252306E-01  0.134530E-01   0.000  1  CBMAMI_2008_Prakhov_
 190.000 -0.888897  0.335055E-01  0.160010E-01   0.000  1  CBMAMI_2008_Prakhov_
 195.000 -0.888897  0.306125E-01  0.227500E-01   0.000  1  CBMAMI_2008_Prakhov_
 200.000 -0.888897  0.647068E-01  0.234280E-01   0.000  1  CBMAMI_2008_Prakhov_
 205.000 -0.888897  0.304053E-01  0.455370E-01   0.000  1  CBMAMI_2008_Prakhov_
 250.000 -0.888897  0.131342E+00  0.455370E-01   0.000  1  CBMAMI_2008_Prakhov_
 255.000 -0.888897  0.173114E+00  0.714920E-01   0.000  1  CBMAMI_2008_Prakhov_
 260.000 -0.888897  0.184023E+00  0.442200E-01   0.000  1  CBMAMI_2008_Prakhov_
 265.000 -0.888897  0.132136E+00  0.334260E-01   0.000  1  CBMAMI_2008_Prakhov_
 270.000 -0.888897  0.139133E+00  0.308780E-01   0.000  1  CBMAMI_2008_Prakhov_
 275.000 -0.888897  0.151355E+00  0.282770E-01   0.000  1  CBMAMI_2008_Prakhov_
 280.000 -0.888897  0.141492E+00  0.253320E-01   0.000  1  CBMAMI_2008_Prakhov_
 285.000 -0.888897  0.157068E+00  0.245990E-01   0.000  1  CBMAMI_2008_Prakhov_
 290.000 -0.888897  0.194661E+00  0.228200E-01   0.000  1  CBMAMI_2008_Prakhov_
 295.000 -0.888897  0.159353E+00  0.204280E-01   0.000  1  CBMAMI_2008_Prakhov_
 300.000 -0.888897  0.219751E+00  0.197040E-01   0.000  1  CBMAMI_2008_Prakhov_
 310.000 -0.888897  0.208983E+00  0.211800E-01   0.000  1  CBMAMI_2008_Prakhov_
 315.000 -0.888897  0.230255E+00  0.268520E-01   0.000  1  CBMAMI_2008_Prakhov_
   22
 165.000 -0.857104  0.138075E-01  0.237950E-01   0.000  1  CBMAMI_2008_Prakhov_
 170.000 -0.857104  0.370035E-01  0.180950E-01   0.000  1  CBMAMI_2008_Prakhov_
 175.000 -0.857104  0.240102E-01  0.168130E-01   0.000  1  CBMAMI_2008_Prakhov_
 180.000 -0.857104  0.369969E-01  0.158440E-01   0.000  1  CBMAMI_2008_Prakhov_
 185.000 -0.857104  0.466565E-01  0.134530E-01   0.000  1  CBMAMI_2008_Prakhov_
 190.000 -0.857104  0.440446E-01  0.160010E-01   0.000  1  CBMAMI_2008_Prakhov_
 195.000 -0.857104  0.508495E-01  0.227500E-01   0.000  1  CBMAMI_2008_Prakhov_
 200.000 -0.857104  0.729444E-01  0.234280E-01   0.000  1  CBMAMI_2008_Prakhov_
 205.000 -0.857104  0.343498E-01  0.455370E-01   0.000  1  CBMAMI_2008_Prakhov_
 250.000 -0.857104  0.147643E+00  0.665970E-01   0.000  1  CBMAMI_2008_Prakhov_
 255.000 -0.857104  0.179472E+00  0.714920E-01   0.000  1  CBMAMI_2008_Prakhov_
 260.000 -0.857104  0.211148E+00  0.442200E-01   0.000  1  CBMAMI_2008_Prakhov_
 265.000 -0.857104  0.150024E+00  0.334260E-01   0.000  1  CBMAMI_2008_Prakhov_
 270.000 -0.857104  0.158776E+00  0.308780E-01   0.000  1  CBMAMI_2008_Prakhov_
 275.000 -0.857104  0.187480E+00  0.282770E-01   0.000  1  CBMAMI_2008_Prakhov_
 280.000 -0.857104  0.176599E+00  0.253320E-01   0.000  1  CBMAMI_2008_Prakhov_
 285.000 -0.857104  0.195187E+00  0.245990E-01   0.000  1  CBMAMI_2008_Prakhov_
 290.000 -0.857104  0.220542E+00  0.228200E-01   0.000  1  CBMAMI_2008_Prakhov_
 295.000 -0.857104  0.190911E+00  0.204280E-01   0.000  1  CBMAMI_2008_Prakhov_
 300.000 -0.857104  0.236315E+00  0.197040E-01   0.000  1  CBMAMI_2008_Prakhov_
 310.000 -0.857104  0.237681E+00  0.211800E-01   0.000  1  CBMAMI_2008_Prakhov_
 315.000 -0.857104  0.269595E+00  0.268520E-01   0.000  1  CBMAMI_2008_Prakhov_
   26
 147.000 -0.799999 -0.120771E+00  0.113442E+00   0.000  1  CBMAMI_2008_Prakhov_
 150.000 -0.799999 -0.307872E-01  0.113440E+00   0.000  1  CBMAMI_2008_Prakhov_
 155.000 -0.799999  0.890772E-02  0.405340E-01   0.000  1  CBMAMI_2008_Prakhov_
 160.000 -0.799999 -0.217529E-01  0.276830E-01   0.000  1  CBMAMI_2008_Prakhov_
 165.000 -0.799999  0.197687E-01  0.237950E-01   0.000  1  CBMAMI_2008_Prakhov_
 170.000 -0.799999  0.473397E-01  0.180950E-01   0.000  1  CBMAMI_2008_Prakhov_
 175.000 -0.799999  0.362410E-01  0.168130E-01   0.000  1  CBMAMI_2008_Prakhov_
 180.000 -0.799999  0.558560E-01  0.158440E-01   0.000  1  CBMAMI_2008_Prakhov_
 185.000 -0.799999  0.807446E-01  0.134530E-01   0.000  1  CBMAMI_2008_Prakhov_
 190.000 -0.799999  0.627587E-01  0.160010E-01   0.000  1  CBMAMI_2008_Prakhov_
 195.000 -0.799999  0.838825E-01  0.227500E-01   0.000  1  CBMAMI_2008_Prakhov_
 200.000 -0.799999  0.893925E-01  0.234280E-01   0.000  1  CBMAMI_2008_Prakhov_
 205.000 -0.799999  0.741713E-01  0.455370E-01   0.000  1  CBMAMI_2008_Prakhov_
 250.000 -0.799999  0.175579E+00  0.665970E-01   0.000  1  CBMAMI_2008_Prakhov_
 255.000 -0.799999  0.188783E+00  0.714920E-01   0.000  1  CBMAMI_2008_Prakhov_
 260.000 -0.799999  0.254345E+00  0.442200E-01   0.000  1  CBMAMI_2008_Prakhov_
 265.000 -0.799999  0.182924E+00  0.334260E-01   0.000  1  CBMAMI_2008_Prakhov_
 270.000 -0.799999  0.193850E+00  0.308780E-01   0.000  1  CBMAMI_2008_Prakhov_
 275.000 -0.799999  0.246685E+00  0.282770E-01   0.000  1  CBMAMI_2008_Prakhov_
 280.000 -0.799999  0.235719E+00  0.253320E-01   0.000  1  CBMAMI_2008_Prakhov_
 285.000 -0.799999  0.257925E+00  0.245990E-01   0.000  1  CBMAMI_2008_Prakhov_
 290.000 -0.799999  0.265755E+00  0.228200E-01   0.000  1  CBMAMI_2008_Prakhov_
 295.000 -0.799999  0.244672E+00  0.204280E-01   0.000  1  CBMAMI_2008_Prakhov_
 300.000 -0.799999  0.265830E+00  0.197040E-01   0.000  1  CBMAMI_2008_Prakhov_
 310.000 -0.799999  0.287280E+00  0.211800E-01   0.000  1  CBMAMI_2008_Prakhov_
 315.000 -0.799999  0.333265E+00  0.268520E-01   0.000  1  CBMAMI_2008_Prakhov_
   26
 147.000 -0.571401 -0.608321E-01  0.113442E+00   0.000  1  CBMAMI_2008_Prakhov_
 150.000 -0.571401 -0.597547E-01  0.113440E+00   0.000  1  CBMAMI_2008_Prakhov_
 155.000 -0.571401 -0.282898E-01  0.405340E-01   0.000  1  CBMAMI_2008_Prakhov_
 160.000 -0.571401  0.120637E-01  0.276830E-01   0.000  1  CBMAMI_2008_Prakhov_
 165.000 -0.571401  0.339152E-01  0.236090E-01   0.000  1  CBMAMI_2008_Prakhov_
 170.000 -0.571401  0.640151E-01  0.181080E-01   0.000  1  CBMAMI_2008_Prakhov_
 175.000 -0.571401  0.706777E-01  0.171160E-01   0.000  1  CBMAMI_2008_Prakhov_
 180.000 -0.571401  0.899106E-01  0.155700E-01   0.000  1  CBMAMI_2008_Prakhov_
 185.000 -0.571401  0.110674E+00  0.129410E-01   0.000  1  CBMAMI_2008_Prakhov_
 190.000 -0.571401  0.124955E+00  0.152430E-01   0.000  1  CBMAMI_2008_Prakhov_
 195.000 -0.571401  0.126765E+00  0.214270E-01   0.000  1  CBMAMI_2008_Prakhov_
 200.000 -0.571401  0.156903E+00  0.212910E-01   0.000  1  CBMAMI_2008_Prakhov_
 205.000 -0.571401  0.178517E+00  0.402770E-01   0.000  1  CBMAMI_2008_Prakhov_
 250.000 -0.571401  0.265749E+00  0.582030E-01   0.000  1  CBMAMI_2008_Prakhov_
 255.000 -0.571401  0.192751E+00  0.596340E-01   0.000  1  CBMAMI_2008_Prakhov_
 260.000 -0.571401  0.306840E+00  0.374210E-01   0.000  1  CBMAMI_2008_Prakhov_
 265.000 -0.571401  0.320074E+00  0.281350E-01   0.000  1  CBMAMI_2008_Prakhov_
 270.000 -0.571401  0.326234E+00  0.256420E-01   0.000  1  CBMAMI_2008_Prakhov_
 275.000 -0.571401  0.332509E+00  0.236540E-01   0.000  1  CBMAMI_2008_Prakhov_
 280.000 -0.571401  0.361741E+00  0.212330E-01   0.000  1  CBMAMI_2008_Prakhov_
 285.000 -0.571401  0.363923E+00  0.200490E-01   0.000  1  CBMAMI_2008_Prakhov_
 290.000 -0.571401  0.404497E+00  0.188630E-01   0.000  1  CBMAMI_2008_Prakhov_
 295.000 -0.571401  0.377309E+00  0.163550E-01   0.000  1  CBMAMI_2008_Prakhov_
 300.000 -0.571401  0.374839E+00  0.159100E-01   0.000  1  CBMAMI_2008_Prakhov_
 310.000 -0.571401  0.428016E+00  0.168300E-01   0.000  1  CBMAMI_2008_Prakhov_
 315.000 -0.571401  0.416125E+00  0.207720E-01   0.000  1  CBMAMI_2008_Prakhov_
   26
 147.000 -0.399997 -0.308656E-01  0.154321E+00   0.000  1  CBMAMI_2008_Prakhov_
 150.000 -0.399997 -0.437770E-01  0.149272E+00   0.000  1  CBMAMI_2008_Prakhov_
 155.000 -0.399997 -0.347427E-01  0.447090E-01   0.000  1  CBMAMI_2008_Prakhov_
 160.000 -0.399997  0.260522E-01  0.284200E-01   0.000  1  CBMAMI_2008_Prakhov_
 165.000 -0.399997  0.296697E-01  0.236090E-01   0.000  1  CBMAMI_2008_Prakhov_
 170.000 -0.399997  0.513467E-01  0.181080E-01   0.000  1  CBMAMI_2008_Prakhov_
 175.000 -0.399997  0.752759E-01  0.170640E-01   0.000  1  CBMAMI_2008_Prakhov_
 180.000 -0.399997  0.933214E-01  0.152530E-01   0.000  1  CBMAMI_2008_Prakhov_
 185.000 -0.399997  0.148251E+00  0.125520E-01   0.000  1  CBMAMI_2008_Prakhov_
 190.000 -0.399997  0.134450E+00  0.146280E-01   0.000  1  CBMAMI_2008_Prakhov_
 195.000 -0.399997  0.142131E+00  0.206670E-01   0.000  1  CBMAMI_2008_Prakhov_
 200.000 -0.399997  0.191859E+00  0.202440E-01   0.000  1  CBMAMI_2008_Prakhov_
 205.000 -0.399997  0.183963E+00  0.389420E-01   0.000  1  CBMAMI_2008_Prakhov_
 250.000 -0.399997  0.409051E+00  0.582030E-01   0.000  1  CBMAMI_2008_Prakhov_
 255.000 -0.399997  0.300755E+00  0.545600E-01   0.000  1  CBMAMI_2008_Prakhov_
 260.000 -0.399997  0.417378E+00  0.334890E-01   0.000  1  CBMAMI_2008_Prakhov_
 265.000 -0.399997  0.349904E+00  0.250340E-01   0.000  1  CBMAMI_2008_Prakhov_
 270.000 -0.399997  0.403288E+00  0.228640E-01   0.000  1  CBMAMI_2008_Prakhov_
 275.000 -0.399997  0.356544E+00  0.208530E-01   0.000  1  CBMAMI_2008_Prakhov_
 280.000 -0.399997  0.388239E+00  0.185070E-01   0.000  1  CBMAMI_2008_Prakhov_
 285.000 -0.399997  0.423550E+00  0.176280E-01   0.000  1  CBMAMI_2008_Prakhov_
 290.000 -0.399997  0.444198E+00  0.160920E-01   0.000  1  CBMAMI_2008_Prakhov_
 295.000 -0.399997  0.421756E+00  0.141170E-01   0.000  1  CBMAMI_2008_Prakhov_
 300.000 -0.399997  0.431942E+00  0.136620E-01   0.000  1  CBMAMI_2008_Prakhov_
 310.000 -0.399997  0.478001E+00  0.142690E-01   0.000  1  CBMAMI_2008_Prakhov_
 315.000 -0.399997  0.479186E+00  0.175600E-01   0.000  1  CBMAMI_2008_Prakhov_
   26
 147.000 -0.285705 -0.233183E-01  0.154321E+00   0.000  1  CBMAMI_2008_Prakhov_
 150.000 -0.285705 -0.540890E-02  0.149272E+00   0.000  1  CBMAMI_2008_Prakhov_
 155.000 -0.285705 -0.228567E-01  0.447090E-01   0.000  1  CBMAMI_2008_Prakhov_
 160.000 -0.285705  0.258545E-01  0.284200E-01   0.000  1  CBMAMI_2008_Prakhov_
 165.000 -0.285705  0.302689E-01  0.247750E-01   0.000  1  CBMAMI_2008_Prakhov_
 170.000 -0.285705  0.487838E-01  0.190010E-01   0.000  1  CBMAMI_2008_Prakhov_
 175.000 -0.285705  0.103656E+00  0.170640E-01   0.000  1  CBMAMI_2008_Prakhov_
 180.000 -0.285705  0.109167E+00  0.152570E-01   0.000  1  CBMAMI_2008_Prakhov_
 185.000 -0.285705  0.176144E+00  0.125770E-01   0.000  1  CBMAMI_2008_Prakhov_
 190.000 -0.285705  0.149992E+00  0.142650E-01   0.000  1  CBMAMI_2008_Prakhov_
 195.000 -0.285705  0.187163E+00  0.203600E-01   0.000  1  CBMAMI_2008_Prakhov_
 200.000 -0.285705  0.201679E+00  0.202440E-01   0.000  1  CBMAMI_2008_Prakhov_
 205.000 -0.285705  0.178326E+00  0.389420E-01   0.000  1  CBMAMI_2008_Prakhov_
 250.000 -0.285705  0.389253E+00  0.542430E-01   0.000  1  CBMAMI_2008_Prakhov_
 255.000 -0.285705  0.366346E+00  0.518640E-01   0.000  1  CBMAMI_2008_Prakhov_
 260.000 -0.285705  0.420176E+00  0.306610E-01   0.000  1  CBMAMI_2008_Prakhov_
 265.000 -0.285705  0.374658E+00  0.225760E-01   0.000  1  CBMAMI_2008_Prakhov_
 270.000 -0.285705  0.429548E+00  0.203710E-01   0.000  1  CBMAMI_2008_Prakhov_
 275.000 -0.285705  0.425329E+00  0.185430E-01   0.000  1  CBMAMI_2008_Prakhov_
 280.000 -0.285705  0.413775E+00  0.165590E-01   0.000  1  CBMAMI_2008_Prakhov_
 285.000 -0.285705  0.449116E+00  0.157760E-01   0.000  1  CBMAMI_2008_Prakhov_
 290.000 -0.285705  0.446853E+00  0.145820E-01   0.000  1  CBMAMI_2008_Prakhov_
 295.000 -0.285705  0.450345E+00  0.126930E-01   0.000  1  CBMAMI_2008_Prakhov_
 300.000 -0.285705  0.447283E+00  0.123510E-01   0.000  1  CBMAMI_2008_Prakhov_
 310.000 -0.285705  0.496494E+00  0.129130E-01   0.000  1  CBMAMI_2008_Prakhov_
 315.000 -0.285705  0.494365E+00  0.157490E-01   0.000  1  CBMAMI_2008_Prakhov_
   26
 147.000  0.000000 -0.515604E-01  0.208949E+00   0.000  1  CBMAMI_2008_Prakhov_
 150.000  0.000000  0.680847E-01  0.295268E+00   0.000  1  CBMAMI_2008_Prakhov_
 155.000  0.000000  0.148164E-01  0.573450E-01   0.000  1  CBMAMI_2008_Prakhov_
 160.000  0.000000  0.244690E-01  0.349450E-01   0.000  1  CBMAMI_2008_Prakhov_
 165.000  0.000000  0.759342E-01  0.290640E-01   0.000  1  CBMAMI_2008_Prakhov_
 170.000  0.000000  0.946517E-01  0.218920E-01   0.000  1  CBMAMI_2008_Prakhov_
 175.000  0.000000  0.136017E+00  0.188370E-01   0.000  1  CBMAMI_2008_Prakhov_
 180.000  0.000000  0.138163E+00  0.176230E-01   0.000  1  CBMAMI_2008_Prakhov_
 185.000  0.000000  0.161178E+00  0.135770E-01   0.000  1  CBMAMI_2008_Prakhov_
 190.000  0.000000  0.198178E+00  0.162250E-01   0.000  1  CBMAMI_2008_Prakhov_
 195.000  0.000000  0.195829E+00  0.213010E-01   0.000  1  CBMAMI_2008_Prakhov_
 200.000  0.000000  0.194464E+00  0.202060E-01   0.000  1  CBMAMI_2008_Prakhov_
 205.000  0.000000  0.216593E+00  0.406400E-01   0.000  1  CBMAMI_2008_Prakhov_
 250.000  0.000000  0.371210E+00  0.572620E-01   0.000  1  CBMAMI_2008_Prakhov_
 255.000  0.000000  0.293709E+00  0.501970E-01   0.000  1  CBMAMI_2008_Prakhov_
 260.000  0.000000  0.444472E+00  0.309030E-01   0.000  1  CBMAMI_2008_Prakhov_
 265.000  0.000000  0.382358E+00  0.228820E-01   0.000  1  CBMAMI_2008_Prakhov_
 270.000  0.000000  0.410827E+00  0.210910E-01   0.000  1  CBMAMI_2008_Prakhov_
 275.000  0.000000  0.435888E+00  0.191910E-01   0.000  1  CBMAMI_2008_Prakhov_
 280.000  0.000000  0.428925E+00  0.168240E-01   0.000  1  CBMAMI_2008_Prakhov_
 285.000  0.000000  0.463080E+00  0.157650E-01   0.000  1  CBMAMI_2008_Prakhov_
 290.000  0.000000  0.452501E+00  0.145480E-01   0.000  1  CBMAMI_2008_Prakhov_
 295.000  0.000000  0.465810E+00  0.124270E-01   0.000  1  CBMAMI_2008_Prakhov_
 300.000  0.000000  0.488860E+00  0.117590E-01   0.000  1  CBMAMI_2008_Prakhov_
 310.000  0.000000  0.489871E+00  0.119760E-01   0.000  1  CBMAMI_2008_Prakhov_
 315.000  0.000000  0.468987E+00  0.146390E-01   0.000  1  CBMAMI_2008_Prakhov_
   26
 147.000  0.285705 -0.127954E+00  0.208949E+00   0.000  1  CBMAMI_2008_Prakhov_
 150.000  0.285705  0.251078E-02  0.295268E+00   0.000  1  CBMAMI_2008_Prakhov_
 155.000  0.285705 -0.723750E-02  0.573450E-01   0.000  1  CBMAMI_2008_Prakhov_
 160.000  0.285705  0.713326E-01  0.349450E-01   0.000  1  CBMAMI_2008_Prakhov_
 165.000  0.285705  0.118851E+00  0.346230E-01   0.000  1  CBMAMI_2008_Prakhov_
 170.000  0.285705  0.883407E-01  0.252460E-01   0.000  1  CBMAMI_2008_Prakhov_
 175.000  0.285705  0.114291E+00  0.226720E-01   0.000  1  CBMAMI_2008_Prakhov_
 180.000  0.285705  0.167901E+00  0.192280E-01   0.000  1  CBMAMI_2008_Prakhov_
 185.000  0.285705  0.197891E+00  0.150800E-01   0.000  1  CBMAMI_2008_Prakhov_
 190.000  0.285705  0.221391E+00  0.177810E-01   0.000  1  CBMAMI_2008_Prakhov_
 195.000  0.285705  0.227199E+00  0.230410E-01   0.000  1  CBMAMI_2008_Prakhov_
 200.000  0.285705  0.164425E+00  0.238590E-01   0.000  1  CBMAMI_2008_Prakhov_
 205.000  0.285705  0.256988E+00  0.447340E-01   0.000  1  CBMAMI_2008_Prakhov_
 250.000  0.285705  0.321816E+00  0.653210E-01   0.000  1  CBMAMI_2008_Prakhov_
 255.000  0.285705  0.408854E+00  0.524430E-01   0.000  1  CBMAMI_2008_Prakhov_
 260.000  0.285705  0.407926E+00  0.318020E-01   0.000  1  CBMAMI_2008_Prakhov_
 265.000  0.285705  0.403085E+00  0.234840E-01   0.000  1  CBMAMI_2008_Prakhov_
 270.000  0.285705  0.420212E+00  0.210310E-01   0.000  1  CBMAMI_2008_Prakhov_
 275.000  0.285705  0.410570E+00  0.191900E-01   0.000  1  CBMAMI_2008_Prakhov_
 280.000  0.285705  0.457210E+00  0.168790E-01   0.000  1  CBMAMI_2008_Prakhov_
 285.000  0.285705  0.430388E+00  0.159910E-01   0.000  1  CBMAMI_2008_Prakhov_
 290.000  0.285705  0.440464E+00  0.147330E-01   0.000  1  CBMAMI_2008_Prakhov_
 295.000  0.285705  0.438574E+00  0.128200E-01   0.000  1  CBMAMI_2008_Prakhov_
 300.000  0.285705  0.451981E+00  0.123520E-01   0.000  1  CBMAMI_2008_Prakhov_
 310.000  0.285705  0.457664E+00  0.128490E-01   0.000  1  CBMAMI_2008_Prakhov_
 315.000  0.285705  0.484863E+00  0.156640E-01   0.000  1  CBMAMI_2008_Prakhov_
   26
 147.000  0.399997 -0.152430E+00  0.294104E+00   0.000  1  CBMAMI_2008_Prakhov_
 150.000  0.399997  0.358909E-01  0.263883E+00   0.000  1  CBMAMI_2008_Prakhov_
 155.000  0.399997 -0.212480E-01  0.807260E-01   0.000  1  CBMAMI_2008_Prakhov_
 160.000  0.399997  0.579674E-01  0.475720E-01   0.000  1  CBMAMI_2008_Prakhov_
 165.000  0.399997  0.950456E-01  0.346230E-01   0.000  1  CBMAMI_2008_Prakhov_
 170.000  0.399997  0.995792E-01  0.252460E-01   0.000  1  CBMAMI_2008_Prakhov_
 175.000  0.399997  0.139118E+00  0.226720E-01   0.000  1  CBMAMI_2008_Prakhov_
 180.000  0.399997  0.194092E+00  0.218340E-01   0.000  1  CBMAMI_2008_Prakhov_
 185.000  0.399997  0.190629E+00  0.184130E-01   0.000  1  CBMAMI_2008_Prakhov_
 190.000  0.399997  0.222226E+00  0.199950E-01   0.000  1  CBMAMI_2008_Prakhov_
 195.000  0.399997  0.214805E+00  0.264670E-01   0.000  1  CBMAMI_2008_Prakhov_
 200.000  0.399997  0.184784E+00  0.238590E-01   0.000  1  CBMAMI_2008_Prakhov_
 205.000  0.399997  0.241269E+00  0.447340E-01   0.000  1  CBMAMI_2008_Prakhov_
 250.000  0.399997  0.373671E+00  0.653210E-01   0.000  1  CBMAMI_2008_Prakhov_
 255.000  0.399997  0.358442E+00  0.558110E-01   0.000  1  CBMAMI_2008_Prakhov_
 260.000  0.399997  0.374472E+00  0.335270E-01   0.000  1  CBMAMI_2008_Prakhov_
 265.000  0.399997  0.349254E+00  0.248920E-01   0.000  1  CBMAMI_2008_Prakhov_
 270.000  0.399997  0.401190E+00  0.221200E-01   0.000  1  CBMAMI_2008_Prakhov_
 275.000  0.399997  0.396184E+00  0.203110E-01   0.000  1  CBMAMI_2008_Prakhov_
 280.000  0.399997  0.434904E+00  0.177160E-01   0.000  1  CBMAMI_2008_Prakhov_
 285.000  0.399997  0.405085E+00  0.166650E-01   0.000  1  CBMAMI_2008_Prakhov_
 290.000  0.399997  0.416072E+00  0.151860E-01   0.000  1  CBMAMI_2008_Prakhov_
 295.000  0.399997  0.408505E+00  0.132360E-01   0.000  1  CBMAMI_2008_Prakhov_
 300.000  0.399997  0.443635E+00  0.127830E-01   0.000  1  CBMAMI_2008_Prakhov_
 310.000  0.399997  0.435327E+00  0.132230E-01   0.000  1  CBMAMI_2008_Prakhov_
 315.000  0.399997  0.457800E+00  0.161710E-01   0.000  1  CBMAMI_2008_Prakhov_
   26
 147.000  0.571401 -0.166846E+00  0.294104E+00   0.000  1  CBMAMI_2008_Prakhov_
 150.000  0.571401  0.240226E+00  0.263883E+00   0.000  1  CBMAMI_2008_Prakhov_
 155.000  0.571401 -0.302157E-01  0.807260E-01   0.000  1  CBMAMI_2008_Prakhov_
 160.000  0.571401  0.758214E-02  0.475720E-01   0.000  1  CBMAMI_2008_Prakhov_
 165.000  0.571401  0.451248E-01  0.417750E-01   0.000  1  CBMAMI_2008_Prakhov_
 170.000  0.571401  0.102843E+00  0.311630E-01   0.000  1  CBMAMI_2008_Prakhov_
 175.000  0.571401  0.111706E+00  0.263960E-01   0.000  1  CBMAMI_2008_Prakhov_
 180.000  0.571401  0.152707E+00  0.259910E-01   0.000  1  CBMAMI_2008_Prakhov_
 185.000  0.571401  0.154594E+00  0.203360E-01   0.000  1  CBMAMI_2008_Prakhov_
 190.000  0.571401  0.162467E+00  0.237970E-01   0.000  1  CBMAMI_2008_Prakhov_
 195.000  0.571401  0.230904E+00  0.320240E-01   0.000  1  CBMAMI_2008_Prakhov_
 200.000  0.571401  0.132259E+00  0.280940E-01   0.000  1  CBMAMI_2008_Prakhov_
 205.000  0.571401  0.219837E+00  0.533790E-01   0.000  1  CBMAMI_2008_Prakhov_
 250.000  0.571401  0.411039E+00  0.828330E-01   0.000  1  CBMAMI_2008_Prakhov_
 255.000  0.571401  0.299905E+00  0.661500E-01   0.000  1  CBMAMI_2008_Prakhov_
 260.000  0.571401  0.305232E+00  0.392100E-01   0.000  1  CBMAMI_2008_Prakhov_
 265.000  0.571401  0.336769E+00  0.278480E-01   0.000  1  CBMAMI_2008_Prakhov_
 270.000  0.571401  0.308797E+00  0.251890E-01   0.000  1  CBMAMI_2008_Prakhov_
 275.000  0.571401  0.385967E+00  0.228850E-01   0.000  1  CBMAMI_2008_Prakhov_
 280.000  0.571401  0.366020E+00  0.200970E-01   0.000  1  CBMAMI_2008_Prakhov_
 285.000  0.571401  0.390748E+00  0.185550E-01   0.000  1  CBMAMI_2008_Prakhov_
 290.000  0.571401  0.401477E+00  0.172630E-01   0.000  1  CBMAMI_2008_Prakhov_
 295.000  0.571401  0.409714E+00  0.148440E-01   0.000  1  CBMAMI_2008_Prakhov_
 300.000  0.571401  0.405835E+00  0.141600E-01   0.000  1  CBMAMI_2008_Prakhov_
 310.000  0.571401  0.416840E+00  0.146390E-01   0.000  1  CBMAMI_2008_Prakhov_
 315.000  0.571401  0.380601E+00  0.178160E-01   0.000  1  CBMAMI_2008_Prakhov_
   26
 147.000  0.799999 -0.160343E+00  0.571676E+00   0.000  1  CBMAMI_2008_Prakhov_
 150.000  0.799999  0.688936E+00  0.539758E+00   0.000  1  CBMAMI_2008_Prakhov_
 155.000  0.799999 -0.253337E-01  0.843750E-01   0.000  1  CBMAMI_2008_Prakhov_
 160.000  0.799999 -0.469754E-01  0.559320E-01   0.000  1  CBMAMI_2008_Prakhov_
 165.000  0.799999  0.345423E-01  0.417750E-01   0.000  1  CBMAMI_2008_Prakhov_
 170.000  0.799999  0.238935E-01  0.311630E-01   0.000  1  CBMAMI_2008_Prakhov_
 175.000  0.799999  0.910452E-01  0.311380E-01   0.000  1  CBMAMI_2008_Prakhov_
 180.000  0.799999  0.945106E-01  0.291410E-01   0.000  1  CBMAMI_2008_Prakhov_
 185.000  0.799999  0.146767E+00  0.245620E-01   0.000  1  CBMAMI_2008_Prakhov_
 190.000  0.799999  0.101599E+00  0.299490E-01   0.000  1  CBMAMI_2008_Prakhov_
 195.000  0.799999  0.182529E+00  0.393930E-01   0.000  1  CBMAMI_2008_Prakhov_
 200.000  0.799999  0.911435E-01  0.372160E-01   0.000  1  CBMAMI_2008_Prakhov_
 205.000  0.799999  0.127200E+00  0.696700E-01   0.000  1  CBMAMI_2008_Prakhov_
 250.000  0.799999  0.210518E+00  0.828330E-01   0.000  1  CBMAMI_2008_Prakhov_
 255.000  0.799999  0.207752E+00  0.806100E-01   0.000  1  CBMAMI_2008_Prakhov_
 260.000  0.799999  0.308369E+00  0.497430E-01   0.000  1  CBMAMI_2008_Prakhov_
 265.000  0.799999  0.342057E+00  0.359440E-01   0.000  1  CBMAMI_2008_Prakhov_
 270.000  0.799999  0.230825E+00  0.326130E-01   0.000  1  CBMAMI_2008_Prakhov_
 275.000  0.799999  0.238435E+00  0.294480E-01   0.000  1  CBMAMI_2008_Prakhov_
 280.000  0.799999  0.276629E+00  0.256230E-01   0.000  1  CBMAMI_2008_Prakhov_
 285.000  0.799999  0.275679E+00  0.238430E-01   0.000  1  CBMAMI_2008_Prakhov_
 290.000  0.799999  0.299593E+00  0.217090E-01   0.000  1  CBMAMI_2008_Prakhov_
 295.000  0.799999  0.262518E+00  0.186820E-01   0.000  1  CBMAMI_2008_Prakhov_
 300.000  0.799999  0.276343E+00  0.179680E-01   0.000  1  CBMAMI_2008_Prakhov_
 310.000  0.799999  0.281123E+00  0.186690E-01   0.000  1  CBMAMI_2008_Prakhov_
 315.000  0.799999  0.325650E+00  0.225510E-01   0.000  1  CBMAMI_2008_Prakhov_
   26
 165.000  0.857104  0.384389E-01  0.508960E-01   0.000  1  CBMAMI_2008_Prakhov_
 170.000  0.857104 -0.867565E-02  0.357660E-01   0.000  1  CBMAMI_2008_Prakhov_
 175.000  0.857104  0.948484E-01  0.311380E-01   0.000  1  CBMAMI_2008_Prakhov_
 180.000  0.857104  0.853415E-01  0.291410E-01   0.000  1  CBMAMI_2008_Prakhov_
 185.000  0.857104  0.109554E+00  0.245620E-01   0.000  1  CBMAMI_2008_Prakhov_
 190.000  0.857104  0.776703E-01  0.299490E-01   0.000  1  CBMAMI_2008_Prakhov_
 195.000  0.857104  0.151194E+00  0.393930E-01   0.000  1  CBMAMI_2008_Prakhov_
 200.000  0.857104  0.104312E+00  0.372160E-01   0.000  1  CBMAMI_2008_Prakhov_
 205.000  0.857104  0.922952E-01  0.696700E-01   0.000  1  CBMAMI_2008_Prakhov_
 250.000  0.857104  0.152156E+00  0.124712E+00   0.000  1  CBMAMI_2008_Prakhov_
 255.000  0.857104  0.189810E+00  0.806100E-01   0.000  1  CBMAMI_2008_Prakhov_
 260.000  0.857104  0.283676E+00  0.497430E-01   0.000  1  CBMAMI_2008_Prakhov_
 265.000  0.857104  0.285146E+00  0.359440E-01   0.000  1  CBMAMI_2008_Prakhov_
 270.000  0.857104  0.156868E+00  0.326130E-01   0.000  1  CBMAMI_2008_Prakhov_
 275.000  0.857104  0.189124E+00  0.294480E-01   0.000  1  CBMAMI_2008_Prakhov_
 280.000  0.857104  0.203607E+00  0.256230E-01   0.000  1  CBMAMI_2008_Prakhov_
 285.000  0.857104  0.218235E+00  0.238430E-01   0.000  1  CBMAMI_2008_Prakhov_
 290.000  0.857104  0.234127E+00  0.217090E-01   0.000  1  CBMAMI_2008_Prakhov_
 295.000  0.857104  0.196278E+00  0.186820E-01   0.000  1  CBMAMI_2008_Prakhov_
 300.000  0.857104  0.233238E+00  0.179680E-01   0.000  1  CBMAMI_2008_Prakhov_
 310.000  0.857104  0.228587E+00  0.186690E-01   0.000  1  CBMAMI_2008_Prakhov_
 315.000  0.857104  0.290187E+00  0.225510E-01   0.000  1  CBMAMI_2008_Prakhov_
   20
 175.000  0.888897  0.975702E-01  0.321890E-01   0.000  1  CBMAMI_2008_Prakhov_
 180.000  0.888897  0.806656E-01  0.291410E-01   0.000  1  CBMAMI_2008_Prakhov_
 185.000  0.888897  0.855279E-01  0.245620E-01   0.000  1  CBMAMI_2008_Prakhov_
 190.000  0.888897  0.634629E-01  0.299490E-01   0.000  1  CBMAMI_2008_Prakhov_
 195.000  0.888897  0.132319E+00  0.393930E-01   0.000  1  CBMAMI_2008_Prakhov_
 200.000  0.888897  0.112653E+00  0.460000E-01   0.000  1  CBMAMI_2008_Prakhov_
 205.000  0.888897  0.659070E-01  0.775530E-01   0.000  1  CBMAMI_2008_Prakhov_
 250.000  0.888897  0.119597E+00  0.775530E-01   0.000  1  CBMAMI_2008_Prakhov_
 255.000  0.888897  0.180337E+00  0.806100E-01   0.000  1  CBMAMI_2008_Prakhov_
 260.000  0.888897  0.267332E+00  0.497430E-01   0.000  1  CBMAMI_2008_Prakhov_
 265.000  0.888897  0.248219E+00  0.359440E-01   0.000  1  CBMAMI_2008_Prakhov_
 270.000  0.888897  0.110614E+00  0.326130E-01   0.000  1  CBMAMI_2008_Prakhov_
 275.000  0.888897  0.160976E+00  0.294480E-01   0.000  1  CBMAMI_2008_Prakhov_
 280.000  0.888897  0.158367E+00  0.256230E-01   0.000  1  CBMAMI_2008_Prakhov_
 285.000  0.888897  0.183989E+00  0.238430E-01   0.000  1  CBMAMI_2008_Prakhov_
 290.000  0.888897  0.194357E+00  0.217090E-01   0.000  1  CBMAMI_2008_Prakhov_
 295.000  0.888897  0.157248E+00  0.186820E-01   0.000  1  CBMAMI_2008_Prakhov_
 300.000  0.888897  0.208497E+00  0.179680E-01   0.000  1  CBMAMI_2008_Prakhov_
 310.000  0.888897  0.198019E+00  0.186690E-01   0.000  1  CBMAMI_2008_Prakhov_
 315.000  0.888897  0.268316E+00  0.225510E-01   0.000  1  CBMAMI_2008_Prakhov_
