   15
   -0.984196   28  666.000 1475.000
  666.000000 -0.519129E-02  0.133000E+00   0.000  1  GRAAL_2005_Bartalini
  703.000000  0.114915E+00  0.157000E+00   0.000  1  GRAAL_2005_Bartalini
  736.000000  0.507549E-01  0.830000E-01   0.000  1  GRAAL_2005_Bartalini
  769.000000  0.137866E+00  0.840000E-01   0.000  1  GRAAL_2005_Bartalini
  801.000000  0.767914E-01  0.830000E-01   0.000  1  GRAAL_2005_Bartalini
  826.000000 -0.378634E-01  0.600000E-01   0.000  1  GRAAL_2005_Bartalini
  862.000000  0.261682E-01  0.590000E-01   0.000  1  GRAAL_2005_Bartalini
  895.000000  0.493818E-01  0.810000E-01   0.000  1  GRAAL_2005_Bartalini
  929.000000  0.136596E+00  0.740000E-01   0.000  1  GRAAL_2005_Bartalini
  961.000000  0.866410E-01  0.570000E-01   0.000  1  GRAAL_2005_Bartalini
  992.000000  0.314899E-01  0.590000E-01   0.000  1  GRAAL_2005_Bartalini
 1023.000000  0.979983E-01  0.720000E-01   0.000  1  GRAAL_2005_Bartalini
 1054.000000 -0.296005E-02  0.540000E-01   0.000  1  GRAAL_2005_Bartalini
 1085.000000 -0.580004E-01  0.530000E-01   0.000  1  GRAAL_2005_Bartalini
 1114.000000 -0.116998E+00  0.790000E-01   0.000  1  GRAAL_2005_Bartalini
 1144.000000 -0.549990E-01  0.800000E-01   0.000  1  GRAAL_2005_Bartalini
 1175.000000  0.999978E-01  0.790000E-01   0.000  1  GRAAL_2005_Bartalini
 1202.000000 -0.647842E-01  0.970000E-01   0.000  1  GRAAL_2005_Bartalini
 1232.000000 -0.479696E-01  0.780000E-01   0.000  1  GRAAL_2005_Bartalini
 1261.000000  0.525509E-01  0.530000E-01   0.000  1  GRAAL_2005_Bartalini
 1288.000000 -0.596273E-01  0.590000E-01   0.000  1  GRAAL_2005_Bartalini
 1317.000000  0.296833E-01  0.700000E-01   0.000  1  GRAAL_2005_Bartalini
 1344.000000  0.930004E-01  0.570000E-01   0.000  1  GRAAL_2005_Bartalini
 1371.000000  0.163022E-01  0.560000E-01   0.000  1  GRAAL_2005_Bartalini
 1398.000000  0.705446E-01  0.530000E-01   0.000  1  GRAAL_2005_Bartalini
 1425.000000  0.128002E+00  0.630000E-01   0.000  1  GRAAL_2005_Bartalini
 1450.000000  0.551161E-01  0.550000E-01   0.000  1  GRAAL_2005_Bartalini
 1475.000000  0.203173E-01  0.770000E-01   0.000  1  GRAAL_2005_Bartalini
   -0.944949   28  666.000 1475.000
  666.000000  0.188556E+00  0.550000E-01   0.000  1  GRAAL_2005_Bartalini
  703.000000  0.132770E+00  0.430000E-01   0.000  1  GRAAL_2005_Bartalini
  736.000000  0.209999E+00  0.410000E-01   0.000  1  GRAAL_2005_Bartalini
  769.000000  0.151000E+00  0.260000E-01   0.000  1  GRAAL_2005_Bartalini
  801.000000  0.189722E+00  0.830000E-01   0.000  1  GRAAL_2005_Bartalini
  826.000000  0.224451E+00  0.600000E-01   0.000  1  GRAAL_2005_Bartalini
  862.000000  0.150469E+00  0.590000E-01   0.000  1  GRAAL_2005_Bartalini
  895.000000  0.181878E+00  0.810000E-01   0.000  1  GRAAL_2005_Bartalini
  929.000000  0.201330E+00  0.740000E-01   0.000  1  GRAAL_2005_Bartalini
  961.000000  0.189782E+00  0.570000E-01   0.000  1  GRAAL_2005_Bartalini
  992.000000  0.165455E+00  0.590000E-01   0.000  1  GRAAL_2005_Bartalini
 1023.000000  0.758000E-01  0.720000E-01   0.000  1  GRAAL_2005_Bartalini
 1054.000000 -0.364262E-02  0.540000E-01   0.000  1  GRAAL_2005_Bartalini
 1085.000000 -0.856217E-01  0.530000E-01   0.000  1  GRAAL_2005_Bartalini
 1114.000000 -0.950004E-01  0.250000E-01   0.000  1  GRAAL_2005_Bartalini
 1144.000000 -0.895370E-01  0.230000E-01   0.000  1  GRAAL_2005_Bartalini
 1175.000000 -0.119997E-01  0.240000E-01   0.000  1  GRAAL_2005_Bartalini
 1202.000000  0.166693E-01  0.210000E-01   0.000  1  GRAAL_2005_Bartalini
 1232.000000  0.591076E-01  0.200000E-01   0.000  1  GRAAL_2005_Bartalini
 1261.000000  0.106709E+00  0.230000E-01   0.000  1  GRAAL_2005_Bartalini
 1288.000000  0.126128E+00  0.190000E-01   0.000  1  GRAAL_2005_Bartalini
 1317.000000  0.179708E+00  0.220000E-01   0.000  1  GRAAL_2005_Bartalini
 1344.000000  0.187000E+00  0.180000E-01   0.000  1  GRAAL_2005_Bartalini
 1371.000000  0.213362E+00  0.190000E-01   0.000  1  GRAAL_2005_Bartalini
 1398.000000  0.243185E+00  0.200000E-01   0.000  1  GRAAL_2005_Bartalini
 1425.000000  0.262000E+00  0.210000E-01   0.000  1  GRAAL_2005_Bartalini
 1450.000000  0.273000E+00  0.230000E-01   0.000  1  GRAAL_2005_Bartalini
 1475.000000  0.323000E+00  0.250000E-01   0.000  1  GRAAL_2005_Bartalini
   -0.872069   31  551.000 1475.000
  551.000000  0.712463E+00  0.119000E+00   0.000  1  GRAAL_2005_Bartalini
  578.000000  0.713895E+00  0.920000E-01   0.000  1  GRAAL_2005_Bartalini
  615.000000  0.581644E+00  0.790000E-01   0.000  1  GRAAL_2005_Bartalini
  666.000000  0.436536E+00  0.550000E-01   0.000  1  GRAAL_2005_Bartalini
  703.000000  0.336325E+00  0.430000E-01   0.000  1  GRAAL_2005_Bartalini
  736.000000  0.302333E+00  0.410000E-01   0.000  1  GRAAL_2005_Bartalini
  769.000000  0.308996E+00  0.260000E-01   0.000  1  GRAAL_2005_Bartalini
  801.000000  0.278668E+00  0.360000E-01   0.000  1  GRAAL_2005_Bartalini
  826.000000  0.284905E+00  0.190000E-01   0.000  1  GRAAL_2005_Bartalini
  862.000000  0.271551E+00  0.180000E-01   0.000  1  GRAAL_2005_Bartalini
  895.000000  0.283746E+00  0.190000E-01   0.000  1  GRAAL_2005_Bartalini
  929.000000  0.266349E+00  0.180000E-01   0.000  1  GRAAL_2005_Bartalini
  961.000000  0.218906E+00  0.170000E-01   0.000  1  GRAAL_2005_Bartalini
  992.000000  0.144669E+00  0.160000E-01   0.000  1  GRAAL_2005_Bartalini
 1023.000000  0.417162E-01  0.180000E-01   0.000  1  GRAAL_2005_Bartalini
 1054.000000 -0.651259E-01  0.150000E-01   0.000  1  GRAAL_2005_Bartalini
 1085.000000 -0.142044E+00  0.160000E-01   0.000  1  GRAAL_2005_Bartalini
 1114.000000 -0.174626E+00  0.250000E-01   0.000  1  GRAAL_2005_Bartalini
 1144.000000 -0.159305E+00  0.230000E-01   0.000  1  GRAAL_2005_Bartalini
 1175.000000 -0.627538E-01  0.240000E-01   0.000  1  GRAAL_2005_Bartalini
 1202.000000 -0.443781E-02  0.210000E-01   0.000  1  GRAAL_2005_Bartalini
 1232.000000  0.930001E-01  0.170000E-01   0.000  1  GRAAL_2005_Bartalini
 1261.000000  0.172000E+00  0.160000E-01   0.000  1  GRAAL_2005_Bartalini
 1288.000000  0.253000E+00  0.170000E-01   0.000  1  GRAAL_2005_Bartalini
 1317.000000  0.281000E+00  0.180000E-01   0.000  1  GRAAL_2005_Bartalini
 1344.000000  0.333000E+00  0.200000E-01   0.000  1  GRAAL_2005_Bartalini
 1371.000000  0.383018E+00  0.180000E-01   0.000  1  GRAAL_2005_Bartalini
 1398.000000  0.423000E+00  0.190000E-01   0.000  1  GRAAL_2005_Bartalini
 1425.000000  0.435000E+00  0.200000E-01   0.000  1  GRAAL_2005_Bartalini
 1450.000000  0.461000E+00  0.210000E-01   0.000  1  GRAAL_2005_Bartalini
 1475.000000  0.505881E+00  0.220000E-01   0.000  1  GRAAL_2005_Bartalini
   -0.769400   31  551.000 1475.000
  551.000000  0.787713E+00  0.119000E+00   0.000  1  GRAAL_2005_Bartalini
  578.000000  0.793404E+00  0.920000E-01   0.000  1  GRAAL_2005_Bartalini
  615.000000  0.729396E+00  0.790000E-01   0.000  1  GRAAL_2005_Bartalini
  666.000000  0.613198E+00  0.300000E-01   0.000  1  GRAAL_2005_Bartalini
  703.000000  0.570868E+00  0.250000E-01   0.000  1  GRAAL_2005_Bartalini
  736.000000  0.506384E+00  0.190000E-01   0.000  1  GRAAL_2005_Bartalini
  769.000000  0.468124E+00  0.180000E-01   0.000  1  GRAAL_2005_Bartalini
  801.000000  0.416359E+00  0.160000E-01   0.000  1  GRAAL_2005_Bartalini
  826.000000  0.366528E+00  0.150000E-01   0.000  1  GRAAL_2005_Bartalini
  862.000000  0.332840E+00  0.140000E-01   0.000  1  GRAAL_2005_Bartalini
  895.000000  0.294419E+00  0.140000E-01   0.000  1  GRAAL_2005_Bartalini
  929.000000  0.231077E+00  0.130000E-01   0.000  1  GRAAL_2005_Bartalini
  961.000000  0.134295E+00  0.130000E-01   0.000  1  GRAAL_2005_Bartalini
  992.000000  0.374656E-01  0.120000E-01   0.000  1  GRAAL_2005_Bartalini
 1023.000000 -0.921165E-01  0.110000E-01   0.000  1  GRAAL_2005_Bartalini
 1054.000000 -0.177363E+00  0.130000E-01   0.000  1  GRAAL_2005_Bartalini
 1085.000000 -0.290199E+00  0.130000E-01   0.000  1  GRAAL_2005_Bartalini
 1114.000000 -0.257760E+00  0.160000E-01   0.000  1  GRAAL_2005_Bartalini
 1144.000000 -0.219734E+00  0.180000E-01   0.000  1  GRAAL_2005_Bartalini
 1175.000000 -0.140896E+00  0.170000E-01   0.000  1  GRAAL_2005_Bartalini
 1202.000000 -0.233797E-01  0.180000E-01   0.000  1  GRAAL_2005_Bartalini
 1232.000000  0.633832E-01  0.170000E-01   0.000  1  GRAAL_2005_Bartalini
 1261.000000  0.181568E+00  0.160000E-01   0.000  1  GRAAL_2005_Bartalini
 1288.000000  0.267000E+00  0.180000E-01   0.000  1  GRAAL_2005_Bartalini
 1317.000000  0.304000E+00  0.160000E-01   0.000  1  GRAAL_2005_Bartalini
 1344.000000  0.394000E+00  0.160000E-01   0.000  1  GRAAL_2005_Bartalini
 1371.000000  0.444000E+00  0.180000E-01   0.000  1  GRAAL_2005_Bartalini
 1398.000000  0.473030E+00  0.200000E-01   0.000  1  GRAAL_2005_Bartalini
 1425.000000  0.515959E+00  0.200000E-01   0.000  1  GRAAL_2005_Bartalini
 1450.000000  0.578355E+00  0.200000E-01   0.000  1  GRAAL_2005_Bartalini
 1475.000000  0.606472E+00  0.210000E-01   0.000  1  GRAAL_2005_Bartalini
   -0.654741   31  551.000 1475.000
  551.000000  0.836743E+00  0.610000E-01   0.000  1  GRAAL_2005_Bartalini
  578.000000  0.821654E+00  0.470000E-01   0.000  1  GRAAL_2005_Bartalini
  615.000000  0.812222E+00  0.460000E-01   0.000  1  GRAAL_2005_Bartalini
  666.000000  0.745848E+00  0.270000E-01   0.000  1  GRAAL_2005_Bartalini
  703.000000  0.680353E+00  0.210000E-01   0.000  1  GRAAL_2005_Bartalini
  736.000000  0.635873E+00  0.180000E-01   0.000  1  GRAAL_2005_Bartalini
  769.000000  0.580832E+00  0.180000E-01   0.000  1  GRAAL_2005_Bartalini
  801.000000  0.509711E+00  0.190000E-01   0.000  1  GRAAL_2005_Bartalini
  826.000000  0.426439E+00  0.160000E-01   0.000  1  GRAAL_2005_Bartalini
  862.000000  0.362000E+00  0.150000E-01   0.000  1  GRAAL_2005_Bartalini
  895.000000  0.281000E+00  0.140000E-01   0.000  1  GRAAL_2005_Bartalini
  929.000000  0.168661E+00  0.120000E-01   0.000  1  GRAAL_2005_Bartalini
  961.000000  0.261080E-01  0.110000E-01   0.000  1  GRAAL_2005_Bartalini
  992.000000 -0.106448E+00  0.110000E-01   0.000  1  GRAAL_2005_Bartalini
 1023.000000 -0.234128E+00  0.120000E-01   0.000  1  GRAAL_2005_Bartalini
 1054.000000 -0.305326E+00  0.130000E-01   0.000  1  GRAAL_2005_Bartalini
 1085.000000 -0.358512E+00  0.160000E-01   0.000  1  GRAAL_2005_Bartalini
 1114.000000 -0.362000E+00  0.190000E-01   0.000  1  GRAAL_2005_Bartalini
 1144.000000 -0.320000E+00  0.230000E-01   0.000  1  GRAAL_2005_Bartalini
 1175.000000 -0.252000E+00  0.220000E-01   0.000  1  GRAAL_2005_Bartalini
 1202.000000 -0.147000E+00  0.200000E-01   0.000  1  GRAAL_2005_Bartalini
 1232.000000 -0.320000E-01  0.180000E-01   0.000  1  GRAAL_2005_Bartalini
 1261.000000  0.450000E-01  0.180000E-01   0.000  1  GRAAL_2005_Bartalini
 1288.000000  0.144000E+00  0.180000E-01   0.000  1  GRAAL_2005_Bartalini
 1317.000000  0.218000E+00  0.180000E-01   0.000  1  GRAAL_2005_Bartalini
 1344.000000  0.316000E+00  0.180000E-01   0.000  1  GRAAL_2005_Bartalini
 1371.000000  0.386000E+00  0.190000E-01   0.000  1  GRAAL_2005_Bartalini
 1398.000000  0.418000E+00  0.210000E-01   0.000  1  GRAAL_2005_Bartalini
 1425.000000  0.418000E+00  0.190000E-01   0.000  1  GRAAL_2005_Bartalini
 1450.000000  0.501000E+00  0.250000E-01   0.000  1  GRAAL_2005_Bartalini
 1475.000000  0.520000E+00  0.230000E-01   0.000  1  GRAAL_2005_Bartalini
   -0.515038   31  551.000 1475.000
  551.000000  0.808072E+00  0.490000E-01   0.000  1  GRAAL_2005_Bartalini
  578.000000  0.784443E+00  0.380000E-01   0.000  1  GRAAL_2005_Bartalini
  615.000000  0.838224E+00  0.370000E-01   0.000  1  GRAAL_2005_Bartalini
  666.000000  0.803984E+00  0.290000E-01   0.000  1  GRAAL_2005_Bartalini
  703.000000  0.753595E+00  0.230000E-01   0.000  1  GRAAL_2005_Bartalini
  736.000000  0.755025E+00  0.200000E-01   0.000  1  GRAAL_2005_Bartalini
  769.000000  0.667548E+00  0.200000E-01   0.000  1  GRAAL_2005_Bartalini
  801.000000  0.572865E+00  0.190000E-01   0.000  1  GRAAL_2005_Bartalini
  826.000000  0.483603E+00  0.160000E-01   0.000  1  GRAAL_2005_Bartalini
  862.000000  0.387935E+00  0.150000E-01   0.000  1  GRAAL_2005_Bartalini
  895.000000  0.285677E+00  0.140000E-01   0.000  1  GRAAL_2005_Bartalini
  929.000000  0.110241E+00  0.150000E-01   0.000  1  GRAAL_2005_Bartalini
  961.000000 -0.686124E-01  0.120000E-01   0.000  1  GRAAL_2005_Bartalini
  992.000000 -0.263108E+00  0.140000E-01   0.000  1  GRAAL_2005_Bartalini
 1023.000000 -0.371586E+00  0.130000E-01   0.000  1  GRAAL_2005_Bartalini
 1054.000000 -0.469142E+00  0.150000E-01   0.000  1  GRAAL_2005_Bartalini
 1085.000000 -0.495289E+00  0.150000E-01   0.000  1  GRAAL_2005_Bartalini
 1114.000000 -0.528414E+00  0.190000E-01   0.000  1  GRAAL_2005_Bartalini
 1144.000000 -0.531961E+00  0.230000E-01   0.000  1  GRAAL_2005_Bartalini
 1175.000000 -0.452847E+00  0.220000E-01   0.000  1  GRAAL_2005_Bartalini
 1202.000000 -0.475166E+00  0.200000E-01   0.000  1  GRAAL_2005_Bartalini
 1232.000000 -0.364854E+00  0.180000E-01   0.000  1  GRAAL_2005_Bartalini
 1261.000000 -0.230315E+00  0.180000E-01   0.000  1  GRAAL_2005_Bartalini
 1288.000000 -0.214274E+00  0.180000E-01   0.000  1  GRAAL_2005_Bartalini
 1317.000000 -0.191378E-01  0.180000E-01   0.000  1  GRAAL_2005_Bartalini
 1344.000000  0.170001E-01  0.350000E-01   0.000  1  GRAAL_2005_Bartalini
 1371.000000  0.112138E+00  0.350000E-01   0.000  1  GRAAL_2005_Bartalini
 1398.000000  0.129801E+00  0.350000E-01   0.000  1  GRAAL_2005_Bartalini
 1425.000000  0.168423E+00  0.440000E-01   0.000  1  GRAAL_2005_Bartalini
 1450.000000  0.296789E+00  0.380000E-01   0.000  1  GRAAL_2005_Bartalini
 1475.000000  0.220912E+00  0.440000E-01   0.000  1  GRAAL_2005_Bartalini
   -0.355107   31  551.000 1475.000
  551.000000  0.722160E+00  0.410000E-01   0.000  1  GRAAL_2005_Bartalini
  578.000000  0.751631E+00  0.350000E-01   0.000  1  GRAAL_2005_Bartalini
  615.000000  0.831092E+00  0.350000E-01   0.000  1  GRAAL_2005_Bartalini
  666.000000  0.854000E+00  0.270000E-01   0.000  1  GRAAL_2005_Bartalini
  703.000000  0.822000E+00  0.240000E-01   0.000  1  GRAAL_2005_Bartalini
  736.000000  0.814000E+00  0.260000E-01   0.000  1  GRAAL_2005_Bartalini
  769.000000  0.733000E+00  0.200000E-01   0.000  1  GRAAL_2005_Bartalini
  801.000000  0.631000E+00  0.210000E-01   0.000  1  GRAAL_2005_Bartalini
  826.000000  0.527000E+00  0.160000E-01   0.000  1  GRAAL_2005_Bartalini
  862.000000  0.430000E+00  0.160000E-01   0.000  1  GRAAL_2005_Bartalini
  895.000000  0.302530E+00  0.170000E-01   0.000  1  GRAAL_2005_Bartalini
  929.000000  0.110318E+00  0.130000E-01   0.000  1  GRAAL_2005_Bartalini
  961.000000 -0.126980E+00  0.130000E-01   0.000  1  GRAAL_2005_Bartalini
  992.000000 -0.305214E+00  0.140000E-01   0.000  1  GRAAL_2005_Bartalini
 1023.000000 -0.470987E+00  0.150000E-01   0.000  1  GRAAL_2005_Bartalini
 1054.000000 -0.582114E+00  0.180000E-01   0.000  1  GRAAL_2005_Bartalini
 1085.000000 -0.651902E+00  0.190000E-01   0.000  1  GRAAL_2005_Bartalini
 1114.000000 -0.667903E+00  0.230000E-01   0.000  1  GRAAL_2005_Bartalini
 1144.000000 -0.652999E+00  0.250000E-01   0.000  1  GRAAL_2005_Bartalini
 1175.000000 -0.650669E+00  0.270000E-01   0.000  1  GRAAL_2005_Bartalini
 1202.000000 -0.617000E+00  0.270000E-01   0.000  1  GRAAL_2005_Bartalini
 1232.000000 -0.515479E+00  0.270000E-01   0.000  1  GRAAL_2005_Bartalini
 1261.000000 -0.405127E+00  0.280000E-01   0.000  1  GRAAL_2005_Bartalini
 1288.000000 -0.314000E+00  0.310000E-01   0.000  1  GRAAL_2005_Bartalini
 1317.000000 -0.190000E+00  0.330000E-01   0.000  1  GRAAL_2005_Bartalini
 1344.000000 -0.178000E+00  0.280000E-01   0.000  1  GRAAL_2005_Bartalini
 1371.000000 -0.593811E-01  0.350000E-01   0.000  1  GRAAL_2005_Bartalini
 1398.000000  0.273470E-01  0.350000E-01   0.000  1  GRAAL_2005_Bartalini
 1425.000000  0.104421E+00  0.440000E-01   0.000  1  GRAAL_2005_Bartalini
 1450.000000  0.155806E+00  0.380000E-01   0.000  1  GRAAL_2005_Bartalini
 1475.000000  0.239891E+00  0.440000E-01   0.000  1  GRAAL_2005_Bartalini
   -0.211325   31  551.000 1475.000
  551.000000  0.695468E+00  0.410000E-01   0.000  1  GRAAL_2005_Bartalini
  578.000000  0.781755E+00  0.350000E-01   0.000  1  GRAAL_2005_Bartalini
  615.000000  0.809421E+00  0.350000E-01   0.000  1  GRAAL_2005_Bartalini
  666.000000  0.844000E+00  0.250000E-01   0.000  1  GRAAL_2005_Bartalini
  703.000000  0.857000E+00  0.250000E-01   0.000  1  GRAAL_2005_Bartalini
  736.000000  0.839000E+00  0.230000E-01   0.000  1  GRAAL_2005_Bartalini
  769.000000  0.774000E+00  0.220000E-01   0.000  1  GRAAL_2005_Bartalini
  801.000000  0.687000E+00  0.200000E-01   0.000  1  GRAAL_2005_Bartalini
  826.000000  0.591000E+00  0.180000E-01   0.000  1  GRAAL_2005_Bartalini
  862.000000  0.502000E+00  0.160000E-01   0.000  1  GRAAL_2005_Bartalini
  895.000000  0.371723E+00  0.150000E-01   0.000  1  GRAAL_2005_Bartalini
  929.000000  0.153681E+00  0.140000E-01   0.000  1  GRAAL_2005_Bartalini
  961.000000 -0.782045E-01  0.140000E-01   0.000  1  GRAAL_2005_Bartalini
  992.000000 -0.292448E+00  0.150000E-01   0.000  1  GRAAL_2005_Bartalini
 1023.000000 -0.458401E+00  0.170000E-01   0.000  1  GRAAL_2005_Bartalini
 1054.000000 -0.573369E+00  0.180000E-01   0.000  1  GRAAL_2005_Bartalini
 1085.000000 -0.665919E+00  0.190000E-01   0.000  1  GRAAL_2005_Bartalini
 1114.000000 -0.683250E+00  0.310000E-01   0.000  1  GRAAL_2005_Bartalini
 1144.000000 -0.704696E+00  0.290000E-01   0.000  1  GRAAL_2005_Bartalini
 1175.000000 -0.691303E+00  0.280000E-01   0.000  1  GRAAL_2005_Bartalini
 1202.000000 -0.612522E+00  0.280000E-01   0.000  1  GRAAL_2005_Bartalini
 1232.000000 -0.477939E+00  0.410000E-01   0.000  1  GRAAL_2005_Bartalini
 1261.000000 -0.409121E+00  0.290000E-01   0.000  1  GRAAL_2005_Bartalini
 1288.000000 -0.277000E+00  0.280000E-01   0.000  1  GRAAL_2005_Bartalini
 1317.000000 -0.156132E+00  0.330000E-01   0.000  1  GRAAL_2005_Bartalini
 1344.000000 -0.130002E-01  0.270000E-01   0.000  1  GRAAL_2005_Bartalini
 1371.000000  0.227319E-01  0.290000E-01   0.000  1  GRAAL_2005_Bartalini
 1398.000000  0.153265E+00  0.310000E-01   0.000  1  GRAAL_2005_Bartalini
 1425.000000  0.243000E+00  0.260000E-01   0.000  1  GRAAL_2005_Bartalini
 1450.000000  0.277906E+00  0.340000E-01   0.000  1  GRAAL_2005_Bartalini
 1475.000000  0.361102E+00  0.370000E-01   0.000  1  GRAAL_2005_Bartalini
   -0.069756   31  551.000 1475.000
  551.000000  0.681887E+00  0.440000E-01   0.000  1  GRAAL_2005_Bartalini
  578.000000  0.755664E+00  0.310000E-01   0.000  1  GRAAL_2005_Bartalini
  615.000000  0.793904E+00  0.330000E-01   0.000  1  GRAAL_2005_Bartalini
  666.000000  0.837000E+00  0.220000E-01   0.000  1  GRAAL_2005_Bartalini
  703.000000  0.854000E+00  0.240000E-01   0.000  1  GRAAL_2005_Bartalini
  736.000000  0.866000E+00  0.250000E-01   0.000  1  GRAAL_2005_Bartalini
  769.000000  0.795000E+00  0.220000E-01   0.000  1  GRAAL_2005_Bartalini
  801.000000  0.719000E+00  0.200000E-01   0.000  1  GRAAL_2005_Bartalini
  826.000000  0.636000E+00  0.190000E-01   0.000  1  GRAAL_2005_Bartalini
  862.000000  0.531000E+00  0.180000E-01   0.000  1  GRAAL_2005_Bartalini
  895.000000  0.415000E+00  0.150000E-01   0.000  1  GRAAL_2005_Bartalini
  929.000000  0.224038E+00  0.180000E-01   0.000  1  GRAAL_2005_Bartalini
  961.000000 -0.171122E-02  0.140000E-01   0.000  1  GRAAL_2005_Bartalini
  992.000000 -0.166998E+00  0.140000E-01   0.000  1  GRAAL_2005_Bartalini
 1023.000000 -0.326504E+00  0.150000E-01   0.000  1  GRAAL_2005_Bartalini
 1054.000000 -0.430234E+00  0.170000E-01   0.000  1  GRAAL_2005_Bartalini
 1085.000000 -0.518408E+00  0.220000E-01   0.000  1  GRAAL_2005_Bartalini
 1114.000000 -0.523000E+00  0.250000E-01   0.000  1  GRAAL_2005_Bartalini
 1144.000000 -0.510000E+00  0.270000E-01   0.000  1  GRAAL_2005_Bartalini
 1175.000000 -0.406000E+00  0.280000E-01   0.000  1  GRAAL_2005_Bartalini
 1202.000000 -0.348000E+00  0.290000E-01   0.000  1  GRAAL_2005_Bartalini
 1232.000000 -0.197000E+00  0.410000E-01   0.000  1  GRAAL_2005_Bartalini
 1261.000000 -0.110374E+00  0.290000E-01   0.000  1  GRAAL_2005_Bartalini
 1288.000000 -0.260000E-01  0.320000E-01   0.000  1  GRAAL_2005_Bartalini
 1317.000000  0.101000E+00  0.280000E-01   0.000  1  GRAAL_2005_Bartalini
 1344.000000  0.175000E+00  0.270000E-01   0.000  1  GRAAL_2005_Bartalini
 1371.000000  0.263000E+00  0.320000E-01   0.000  1  GRAAL_2005_Bartalini
 1398.000000  0.284000E+00  0.260000E-01   0.000  1  GRAAL_2005_Bartalini
 1425.000000  0.405000E+00  0.320000E-01   0.000  1  GRAAL_2005_Bartalini
 1450.000000  0.321000E+00  0.290000E-01   0.000  1  GRAAL_2005_Bartalini
 1475.000000  0.469000E+00  0.310000E-01   0.000  1  GRAAL_2005_Bartalini
    0.066274   31  551.000 1475.000
  551.000000  0.653233E+00  0.400000E-01   0.000  1  GRAAL_2005_Bartalini
  578.000000  0.684771E+00  0.320000E-01   0.000  1  GRAAL_2005_Bartalini
  615.000000  0.740948E+00  0.330000E-01   0.000  1  GRAAL_2005_Bartalini
  666.000000  0.823896E+00  0.220000E-01   0.000  1  GRAAL_2005_Bartalini
  703.000000  0.847145E+00  0.240000E-01   0.000  1  GRAAL_2005_Bartalini
  736.000000  0.872922E+00  0.220000E-01   0.000  1  GRAAL_2005_Bartalini
  769.000000  0.838000E+00  0.230000E-01   0.000  1  GRAAL_2005_Bartalini
  801.000000  0.757279E+00  0.210000E-01   0.000  1  GRAAL_2005_Bartalini
  826.000000  0.664147E+00  0.230000E-01   0.000  1  GRAAL_2005_Bartalini
  862.000000  0.575434E+00  0.200000E-01   0.000  1  GRAAL_2005_Bartalini
  895.000000  0.460310E+00  0.160000E-01   0.000  1  GRAAL_2005_Bartalini
  929.000000  0.303821E+00  0.170000E-01   0.000  1  GRAAL_2005_Bartalini
  961.000000  0.122269E+00  0.150000E-01   0.000  1  GRAAL_2005_Bartalini
  992.000000  0.157995E-01  0.140000E-01   0.000  1  GRAAL_2005_Bartalini
 1023.000000 -0.721894E-01  0.150000E-01   0.000  1  GRAAL_2005_Bartalini
 1054.000000 -0.138441E+00  0.160000E-01   0.000  1  GRAAL_2005_Bartalini
 1085.000000 -0.138000E+00  0.170000E-01   0.000  1  GRAAL_2005_Bartalini
 1114.000000 -0.192000E+00  0.240000E-01   0.000  1  GRAAL_2005_Bartalini
 1144.000000 -0.165000E+00  0.290000E-01   0.000  1  GRAAL_2005_Bartalini
 1175.000000 -0.106712E+00  0.280000E-01   0.000  1  GRAAL_2005_Bartalini
 1202.000000  0.290000E-01  0.280000E-01   0.000  1  GRAAL_2005_Bartalini
 1232.000000  0.106000E+00  0.300000E-01   0.000  1  GRAAL_2005_Bartalini
 1261.000000  0.191000E+00  0.300000E-01   0.000  1  GRAAL_2005_Bartalini
 1288.000000  0.257000E+00  0.310000E-01   0.000  1  GRAAL_2005_Bartalini
 1317.000000  0.284390E+00  0.290000E-01   0.000  1  GRAAL_2005_Bartalini
 1344.000000  0.338000E+00  0.280000E-01   0.000  1  GRAAL_2005_Bartalini
 1371.000000  0.441368E+00  0.340000E-01   0.000  1  GRAAL_2005_Bartalini
 1398.000000  0.410361E+00  0.290000E-01   0.000  1  GRAAL_2005_Bartalini
 1425.000000  0.460088E+00  0.310000E-01   0.000  1  GRAAL_2005_Bartalini
 1450.000000  0.482932E+00  0.310000E-01   0.000  1  GRAAL_2005_Bartalini
 1475.000000  0.507989E+00  0.330000E-01   0.000  1  GRAAL_2005_Bartalini
    0.197657   31  551.000 1475.000
  551.000000  0.590877E+00  0.410000E-01   0.000  1  GRAAL_2005_Bartalini
  578.000000  0.598521E+00  0.330000E-01   0.000  1  GRAAL_2005_Bartalini
  615.000000  0.663349E+00  0.330000E-01   0.000  1  GRAAL_2005_Bartalini
  666.000000  0.821000E+00  0.220000E-01   0.000  1  GRAAL_2005_Bartalini
  703.000000  0.872000E+00  0.230000E-01   0.000  1  GRAAL_2005_Bartalini
  736.000000  0.865000E+00  0.220000E-01   0.000  1  GRAAL_2005_Bartalini
  769.000000  0.831000E+00  0.230000E-01   0.000  1  GRAAL_2005_Bartalini
  801.000000  0.762000E+00  0.210000E-01   0.000  1  GRAAL_2005_Bartalini
  826.000000  0.668000E+00  0.190000E-01   0.000  1  GRAAL_2005_Bartalini
  862.000000  0.593000E+00  0.190000E-01   0.000  1  GRAAL_2005_Bartalini
  895.000000  0.468000E+00  0.180000E-01   0.000  1  GRAAL_2005_Bartalini
  929.000000  0.350000E+00  0.180000E-01   0.000  1  GRAAL_2005_Bartalini
  961.000000  0.244000E+00  0.160000E-01   0.000  1  GRAAL_2005_Bartalini
  992.000000  0.238000E+00  0.170000E-01   0.000  1  GRAAL_2005_Bartalini
 1023.000000  0.227154E+00  0.150000E-01   0.000  1  GRAAL_2005_Bartalini
 1054.000000  0.223501E+00  0.160000E-01   0.000  1  GRAAL_2005_Bartalini
 1085.000000  0.212554E+00  0.170000E-01   0.000  1  GRAAL_2005_Bartalini
 1114.000000  0.192766E+00  0.240000E-01   0.000  1  GRAAL_2005_Bartalini
 1144.000000  0.239470E+00  0.290000E-01   0.000  1  GRAAL_2005_Bartalini
 1175.000000  0.290044E+00  0.410000E-01   0.000  1  GRAAL_2005_Bartalini
 1202.000000  0.349125E+00  0.280000E-01   0.000  1  GRAAL_2005_Bartalini
 1232.000000  0.443288E+00  0.300000E-01   0.000  1  GRAAL_2005_Bartalini
 1261.000000  0.387643E+00  0.300000E-01   0.000  1  GRAAL_2005_Bartalini
 1288.000000  0.478767E+00  0.310000E-01   0.000  1  GRAAL_2005_Bartalini
 1317.000000  0.477000E+00  0.290000E-01   0.000  1  GRAAL_2005_Bartalini
 1344.000000  0.502000E+00  0.300000E-01   0.000  1  GRAAL_2005_Bartalini
 1371.000000  0.495503E+00  0.290000E-01   0.000  1  GRAAL_2005_Bartalini
 1398.000000  0.500626E+00  0.300000E-01   0.000  1  GRAAL_2005_Bartalini
 1425.000000  0.475903E+00  0.340000E-01   0.000  1  GRAAL_2005_Bartalini
 1450.000000  0.552063E+00  0.340000E-01   0.000  1  GRAAL_2005_Bartalini
 1475.000000  0.483117E+00  0.360000E-01   0.000  1  GRAAL_2005_Bartalini
    0.335452   31  551.000 1475.000
  551.000000  0.477334E+00  0.410000E-01   0.000  1  GRAAL_2005_Bartalini
  578.000000  0.497964E+00  0.330000E-01   0.000  1  GRAAL_2005_Bartalini
  615.000000  0.597482E+00  0.330000E-01   0.000  1  GRAAL_2005_Bartalini
  666.000000  0.801000E+00  0.230000E-01   0.000  1  GRAAL_2005_Bartalini
  703.000000  0.872000E+00  0.260000E-01   0.000  1  GRAAL_2005_Bartalini
  736.000000  0.873000E+00  0.230000E-01   0.000  1  GRAAL_2005_Bartalini
  769.000000  0.839957E+00  0.230000E-01   0.000  1  GRAAL_2005_Bartalini
  801.000000  0.770000E+00  0.230000E-01   0.000  1  GRAAL_2005_Bartalini
  826.000000  0.691000E+00  0.190000E-01   0.000  1  GRAAL_2005_Bartalini
  862.000000  0.603000E+00  0.180000E-01   0.000  1  GRAAL_2005_Bartalini
  895.000000  0.497000E+00  0.170000E-01   0.000  1  GRAAL_2005_Bartalini
  929.000000  0.403000E+00  0.170000E-01   0.000  1  GRAAL_2005_Bartalini
  961.000000  0.399049E+00  0.160000E-01   0.000  1  GRAAL_2005_Bartalini
  992.000000  0.432385E+00  0.170000E-01   0.000  1  GRAAL_2005_Bartalini
 1023.000000  0.505405E+00  0.150000E-01   0.000  1  GRAAL_2005_Bartalini
 1054.000000  0.529165E+00  0.190000E-01   0.000  1  GRAAL_2005_Bartalini
 1085.000000  0.516269E+00  0.190000E-01   0.000  1  GRAAL_2005_Bartalini
 1114.000000  0.506507E+00  0.230000E-01   0.000  1  GRAAL_2005_Bartalini
 1144.000000  0.524735E+00  0.250000E-01   0.000  1  GRAAL_2005_Bartalini
 1175.000000  0.539578E+00  0.330000E-01   0.000  1  GRAAL_2005_Bartalini
 1202.000000  0.569851E+00  0.270000E-01   0.000  1  GRAAL_2005_Bartalini
 1232.000000  0.529766E+00  0.270000E-01   0.000  1  GRAAL_2005_Bartalini
 1261.000000  0.572148E+00  0.280000E-01   0.000  1  GRAAL_2005_Bartalini
 1288.000000  0.619000E+00  0.280000E-01   0.000  1  GRAAL_2005_Bartalini
 1317.000000  0.622000E+00  0.300000E-01   0.000  1  GRAAL_2005_Bartalini
 1344.000000  0.593000E+00  0.340000E-01   0.000  1  GRAAL_2005_Bartalini
 1371.000000  0.569448E+00  0.320000E-01   0.000  1  GRAAL_2005_Bartalini
 1398.000000  0.617480E+00  0.320000E-01   0.000  1  GRAAL_2005_Bartalini
 1425.000000  0.579441E+00  0.340000E-01   0.000  1  GRAAL_2005_Bartalini
 1450.000000  0.511985E+00  0.380000E-01   0.000  1  GRAAL_2005_Bartalini
 1475.000000  0.456246E+00  0.450000E-01   0.000  1  GRAAL_2005_Bartalini
    0.475624   30  578.000 1475.000
  578.000000  0.428820E+00  0.340000E-01   0.000  1  GRAAL_2005_Bartalini
  615.000000  0.422242E+00  0.360000E-01   0.000  1  GRAAL_2005_Bartalini
  666.000000  0.742059E+00  0.260000E-01   0.000  1  GRAAL_2005_Bartalini
  703.000000  0.824571E+00  0.230000E-01   0.000  1  GRAAL_2005_Bartalini
  736.000000  0.862907E+00  0.230000E-01   0.000  1  GRAAL_2005_Bartalini
  769.000000  0.824691E+00  0.210000E-01   0.000  1  GRAAL_2005_Bartalini
  801.000000  0.755904E+00  0.210000E-01   0.000  1  GRAAL_2005_Bartalini
  826.000000  0.684778E+00  0.220000E-01   0.000  1  GRAAL_2005_Bartalini
  862.000000  0.560233E+00  0.230000E-01   0.000  1  GRAAL_2005_Bartalini
  895.000000  0.489755E+00  0.180000E-01   0.000  1  GRAAL_2005_Bartalini
  929.000000  0.475030E+00  0.190000E-01   0.000  1  GRAAL_2005_Bartalini
  961.000000  0.560354E+00  0.170000E-01   0.000  1  GRAAL_2005_Bartalini
  992.000000  0.669852E+00  0.160000E-01   0.000  1  GRAAL_2005_Bartalini
 1023.000000  0.699274E+00  0.170000E-01   0.000  1  GRAAL_2005_Bartalini
 1054.000000  0.718566E+00  0.200000E-01   0.000  1  GRAAL_2005_Bartalini
 1085.000000  0.696470E+00  0.200000E-01   0.000  1  GRAAL_2005_Bartalini
 1114.000000  0.710909E+00  0.220000E-01   0.000  1  GRAAL_2005_Bartalini
 1144.000000  0.657281E+00  0.250000E-01   0.000  1  GRAAL_2005_Bartalini
 1175.000000  0.700000E+00  0.260000E-01   0.000  1  GRAAL_2005_Bartalini
 1202.000000  0.723000E+00  0.270000E-01   0.000  1  GRAAL_2005_Bartalini
 1232.000000  0.725000E+00  0.290000E-01   0.000  1  GRAAL_2005_Bartalini
 1261.000000  0.721000E+00  0.310000E-01   0.000  1  GRAAL_2005_Bartalini
 1288.000000  0.762566E+00  0.300000E-01   0.000  1  GRAAL_2005_Bartalini
 1317.000000  0.790000E+00  0.320000E-01   0.000  1  GRAAL_2005_Bartalini
 1344.000000  0.751999E+00  0.440000E-01   0.000  1  GRAAL_2005_Bartalini
 1371.000000  0.723659E+00  0.350000E-01   0.000  1  GRAAL_2005_Bartalini
 1398.000000  0.722000E+00  0.390000E-01   0.000  1  GRAAL_2005_Bartalini
 1425.000000  0.634742E+00  0.380000E-01   0.000  1  GRAAL_2005_Bartalini
 1450.000000  0.520711E+00  0.460000E-01   0.000  1  GRAAL_2005_Bartalini
 1475.000000  0.521000E+00  0.750000E-01   0.000  1  GRAAL_2005_Bartalini
    0.605988   28  666.000 1475.000
  666.000000  0.660375E+00  0.240000E-01   0.000  1  GRAAL_2005_Bartalini
  703.000000  0.819633E+00  0.270000E-01   0.000  1  GRAAL_2005_Bartalini
  736.000000  0.842000E+00  0.240000E-01   0.000  1  GRAAL_2005_Bartalini
  769.000000  0.796000E+00  0.240000E-01   0.000  1  GRAAL_2005_Bartalini
  801.000000  0.760000E+00  0.210000E-01   0.000  1  GRAAL_2005_Bartalini
  826.000000  0.659672E+00  0.220000E-01   0.000  1  GRAAL_2005_Bartalini
  862.000000  0.559297E+00  0.280000E-01   0.000  1  GRAAL_2005_Bartalini
  895.000000  0.481000E+00  0.210000E-01   0.000  1  GRAAL_2005_Bartalini
  929.000000  0.566241E+00  0.190000E-01   0.000  1  GRAAL_2005_Bartalini
  961.000000  0.685656E+00  0.190000E-01   0.000  1  GRAAL_2005_Bartalini
  992.000000  0.783745E+00  0.210000E-01   0.000  1  GRAAL_2005_Bartalini
 1023.000000  0.821027E+00  0.230000E-01   0.000  1  GRAAL_2005_Bartalini
 1054.000000  0.803764E+00  0.230000E-01   0.000  1  GRAAL_2005_Bartalini
 1085.000000  0.804429E+00  0.190000E-01   0.000  1  GRAAL_2005_Bartalini
 1114.000000  0.765000E+00  0.250000E-01   0.000  1  GRAAL_2005_Bartalini
 1144.000000  0.810000E+00  0.260000E-01   0.000  1  GRAAL_2005_Bartalini
 1175.000000  0.783000E+00  0.310000E-01   0.000  1  GRAAL_2005_Bartalini
 1202.000000  0.797555E+00  0.300000E-01   0.000  1  GRAAL_2005_Bartalini
 1232.000000  0.881368E+00  0.320000E-01   0.000  1  GRAAL_2005_Bartalini
 1261.000000  0.857162E+00  0.310000E-01   0.000  1  GRAAL_2005_Bartalini
 1288.000000  0.884814E+00  0.300000E-01   0.000  1  GRAAL_2005_Bartalini
 1317.000000  0.865000E+00  0.350000E-01   0.000  1  GRAAL_2005_Bartalini
 1344.000000  0.864000E+00  0.390000E-01   0.000  1  GRAAL_2005_Bartalini
 1371.000000  0.843671E+00  0.350000E-01   0.000  1  GRAAL_2005_Bartalini
 1398.000000  0.891972E+00  0.390000E-01   0.000  1  GRAAL_2005_Bartalini
 1425.000000  0.907262E+00  0.380000E-01   0.000  1  GRAAL_2005_Bartalini
 1450.000000  0.735539E+00  0.460000E-01   0.000  1  GRAAL_2005_Bartalini
 1475.000000  0.821372E+00  0.750000E-01   0.000  1  GRAAL_2005_Bartalini
    0.703395   23  666.000 1344.000
  666.000000  0.635148E+00  0.240000E-01   0.000  1  GRAAL_2005_Bartalini
  703.000000  0.766207E+00  0.270000E-01   0.000  1  GRAAL_2005_Bartalini
  736.000000  0.775083E+00  0.240000E-01   0.000  1  GRAAL_2005_Bartalini
  769.000000  0.777340E+00  0.240000E-01   0.000  1  GRAAL_2005_Bartalini
  801.000000  0.767437E+00  0.210000E-01   0.000  1  GRAAL_2005_Bartalini
  826.000000  0.634655E+00  0.220000E-01   0.000  1  GRAAL_2005_Bartalini
  862.000000  0.590653E+00  0.280000E-01   0.000  1  GRAAL_2005_Bartalini
  895.000000  0.512420E+00  0.210000E-01   0.000  1  GRAAL_2005_Bartalini
  929.000000  0.602926E+00  0.200000E-01   0.000  1  GRAAL_2005_Bartalini
  961.000000  0.762342E+00  0.210000E-01   0.000  1  GRAAL_2005_Bartalini
  992.000000  0.813620E+00  0.220000E-01   0.000  1  GRAAL_2005_Bartalini
 1023.000000  0.878426E+00  0.220000E-01   0.000  1  GRAAL_2005_Bartalini
 1054.000000  0.841264E+00  0.220000E-01   0.000  1  GRAAL_2005_Bartalini
 1085.000000  0.842886E+00  0.230000E-01   0.000  1  GRAAL_2005_Bartalini
 1114.000000  0.888309E+00  0.250000E-01   0.000  1  GRAAL_2005_Bartalini
 1144.000000  0.811132E+00  0.260000E-01   0.000  1  GRAAL_2005_Bartalini
 1175.000000  0.883150E+00  0.310000E-01   0.000  1  GRAAL_2005_Bartalini
 1202.000000  0.831212E+00  0.300000E-01   0.000  1  GRAAL_2005_Bartalini
 1232.000000  0.839953E+00  0.320000E-01   0.000  1  GRAAL_2005_Bartalini
 1261.000000  0.877987E+00  0.310000E-01   0.000  1  GRAAL_2005_Bartalini
 1288.000000  0.964019E+00  0.370000E-01   0.000  1  GRAAL_2005_Bartalini
 1317.000000  0.949000E+00  0.560000E-01   0.000  1  GRAAL_2005_Bartalini
 1344.000000  0.986575E+00  0.390000E-01   0.000  1  GRAAL_2005_Bartalini
