   20
   12
 690.000 -0.957998 -0.253027E+00  0.256300E+00   0.000  1  CBELSA_2014_Hartmann
 710.000 -0.957998 -0.566531E+00  0.238700E+00   0.000  1  CBELSA_2014_Hartmann
 720.000 -0.957998 -0.610420E+00  0.238700E+00   0.000  1  CBELSA_2014_Hartmann
 750.000 -0.957998 -0.358952E+00  0.144200E+00   0.000  1  CBELSA_2014_Hartmann
 780.000 -0.957998 -0.115987E+00  0.129700E+00   0.000  1  CBELSA_2014_Hartmann
 790.000 -0.957998 -0.670730E-01  0.129700E+00   0.000  1  CBELSA_2014_Hartmann
 810.000 -0.957998 -0.457108E-01  0.122700E+00   0.000  1  CBELSA_2014_Hartmann
 820.000 -0.957998 -0.959538E-01  0.122700E+00   0.000  1  CBELSA_2014_Hartmann
 850.000 -0.957998 -0.329681E+00  0.115500E+00   0.000  1  CBELSA_2014_Hartmann
 880.000 -0.957998 -0.192716E+00  0.161700E+00   0.000  1  CBELSA_2014_Hartmann
 890.000 -0.957998 -0.906692E-01  0.161700E+00   0.000  1  CBELSA_2014_Hartmann
 910.000 -0.957998  0.134020E+00  0.172100E+00   0.000  1  CBELSA_2014_Hartmann
   12
 690.000 -0.875000 -0.846930E+00  0.153800E+00   0.000  1  CBELSA_2014_Hartmann
 710.000 -0.875000 -0.623592E+00  0.150300E+00   0.000  1  CBELSA_2014_Hartmann
 720.000 -0.875000 -0.572536E+00  0.150300E+00   0.000  1  CBELSA_2014_Hartmann
 750.000 -0.875000 -0.596834E+00  0.947000E-01   0.000  1  CBELSA_2014_Hartmann
 780.000 -0.875000 -0.545107E+00  0.892000E-01   0.000  1  CBELSA_2014_Hartmann
 790.000 -0.875000 -0.522622E+00  0.892000E-01   0.000  1  CBELSA_2014_Hartmann
 810.000 -0.875000 -0.457434E+00  0.830000E-01   0.000  1  CBELSA_2014_Hartmann
 820.000 -0.875000 -0.385981E+00  0.830000E-01   0.000  1  CBELSA_2014_Hartmann
 850.000 -0.875000 -0.179309E+00  0.808000E-01   0.000  1  CBELSA_2014_Hartmann
 880.000 -0.875000 -0.403188E+00  0.117900E+00   0.000  1  CBELSA_2014_Hartmann
 890.000 -0.875000 -0.447097E+00  0.117900E+00   0.000  1  CBELSA_2014_Hartmann
 910.000 -0.875000 -0.394570E+00  0.112800E+00   0.000  1  CBELSA_2014_Hartmann
   12
 690.000 -0.792002 -0.708321E+00  0.114600E+00   0.000  1  CBELSA_2014_Hartmann
 710.000 -0.792002 -0.711094E+00  0.114800E+00   0.000  1  CBELSA_2014_Hartmann
 720.000 -0.792002 -0.656624E+00  0.114800E+00   0.000  1  CBELSA_2014_Hartmann
 750.000 -0.792002 -0.405259E+00  0.711000E-01   0.000  1  CBELSA_2014_Hartmann
 780.000 -0.792002 -0.443152E+00  0.679000E-01   0.000  1  CBELSA_2014_Hartmann
 790.000 -0.792002 -0.456152E+00  0.679000E-01   0.000  1  CBELSA_2014_Hartmann
 810.000 -0.792002 -0.416881E+00  0.645000E-01   0.000  1  CBELSA_2014_Hartmann
 820.000 -0.792002 -0.376050E+00  0.645000E-01   0.000  1  CBELSA_2014_Hartmann
 850.000 -0.792002 -0.247630E+00  0.645000E-01   0.000  1  CBELSA_2014_Hartmann
 880.000 -0.792002 -0.194241E+00  0.952000E-01   0.000  1  CBELSA_2014_Hartmann
 890.000 -0.792002 -0.170636E+00  0.952000E-01   0.000  1  CBELSA_2014_Hartmann
 910.000 -0.792002 -0.977337E-01  0.964000E-01   0.000  1  CBELSA_2014_Hartmann
   12
 690.000 -0.707995 -0.620759E+00  0.101800E+00   0.000  1  CBELSA_2014_Hartmann
 710.000 -0.707995 -0.721487E+00  0.106000E+00   0.000  1  CBELSA_2014_Hartmann
 720.000 -0.707995 -0.715505E+00  0.106000E+00   0.000  1  CBELSA_2014_Hartmann
 750.000 -0.707995 -0.552956E+00  0.670000E-01   0.000  1  CBELSA_2014_Hartmann
 780.000 -0.707995 -0.501068E+00  0.657000E-01   0.000  1  CBELSA_2014_Hartmann
 790.000 -0.707995 -0.468212E+00  0.657000E-01   0.000  1  CBELSA_2014_Hartmann
 810.000 -0.707995 -0.375615E+00  0.595000E-01   0.000  1  CBELSA_2014_Hartmann
 820.000 -0.707995 -0.351352E+00  0.595000E-01   0.000  1  CBELSA_2014_Hartmann
 850.000 -0.707995 -0.349911E+00  0.608000E-01   0.000  1  CBELSA_2014_Hartmann
 880.000 -0.707995 -0.225470E+00  0.895000E-01   0.000  1  CBELSA_2014_Hartmann
 890.000 -0.707995 -0.189637E+00  0.895000E-01   0.000  1  CBELSA_2014_Hartmann
 910.000 -0.707995 -0.157480E+00  0.884000E-01   0.000  1  CBELSA_2014_Hartmann
   12
 690.000 -0.624998 -0.446654E+00  0.893000E-01   0.000  1  CBELSA_2014_Hartmann
 710.000 -0.624998 -0.494902E+00  0.943000E-01   0.000  1  CBELSA_2014_Hartmann
 720.000 -0.624998 -0.469861E+00  0.943000E-01   0.000  1  CBELSA_2014_Hartmann
 750.000 -0.624998 -0.320341E+00  0.608000E-01   0.000  1  CBELSA_2014_Hartmann
 780.000 -0.624998 -0.414819E+00  0.607000E-01   0.000  1  CBELSA_2014_Hartmann
 790.000 -0.624998 -0.426839E+00  0.607000E-01   0.000  1  CBELSA_2014_Hartmann
 810.000 -0.624998 -0.360363E+00  0.593000E-01   0.000  1  CBELSA_2014_Hartmann
 820.000 -0.624998 -0.300152E+00  0.593000E-01   0.000  1  CBELSA_2014_Hartmann
 850.000 -0.624998 -0.150833E+00  0.585000E-01   0.000  1  CBELSA_2014_Hartmann
 880.000 -0.624998 -0.211946E+00  0.900000E-01   0.000  1  CBELSA_2014_Hartmann
 890.000 -0.624998 -0.241079E+00  0.900000E-01   0.000  1  CBELSA_2014_Hartmann
 910.000 -0.624998 -0.274993E+00  0.891000E-01   0.000  1  CBELSA_2014_Hartmann
   12
 690.000 -0.542002 -0.453070E+00  0.838000E-01   0.000  1  CBELSA_2014_Hartmann
 710.000 -0.542002 -0.341735E+00  0.867000E-01   0.000  1  CBELSA_2014_Hartmann
 720.000 -0.542002 -0.300461E+00  0.867000E-01   0.000  1  CBELSA_2014_Hartmann
 750.000 -0.542002 -0.245474E+00  0.561000E-01   0.000  1  CBELSA_2014_Hartmann
 780.000 -0.542002 -0.252988E+00  0.611000E-01   0.000  1  CBELSA_2014_Hartmann
 790.000 -0.542002 -0.256022E+00  0.611000E-01   0.000  1  CBELSA_2014_Hartmann
 810.000 -0.542002 -0.242787E+00  0.582000E-01   0.000  1  CBELSA_2014_Hartmann
 820.000 -0.542002 -0.219691E+00  0.582000E-01   0.000  1  CBELSA_2014_Hartmann
 850.000 -0.542002 -0.164769E+00  0.571000E-01   0.000  1  CBELSA_2014_Hartmann
 880.000 -0.542002 -0.283706E+00  0.883000E-01   0.000  1  CBELSA_2014_Hartmann
 890.000 -0.542002 -0.294701E+00  0.883000E-01   0.000  1  CBELSA_2014_Hartmann
 910.000 -0.542002 -0.231879E+00  0.888000E-01   0.000  1  CBELSA_2014_Hartmann
   12
 690.000 -0.457998 -0.328871E+00  0.975000E-01   0.000  1  CBELSA_2014_Hartmann
 710.000 -0.457998 -0.266717E+00  0.102500E+00   0.000  1  CBELSA_2014_Hartmann
 720.000 -0.457998 -0.223867E+00  0.102500E+00   0.000  1  CBELSA_2014_Hartmann
 750.000 -0.457998 -0.113254E+00  0.665000E-01   0.000  1  CBELSA_2014_Hartmann
 780.000 -0.457998 -0.195218E+00  0.681000E-01   0.000  1  CBELSA_2014_Hartmann
 790.000 -0.457998 -0.246198E+00  0.681000E-01   0.000  1  CBELSA_2014_Hartmann
 810.000 -0.457998 -0.308123E+00  0.680000E-01   0.000  1  CBELSA_2014_Hartmann
 820.000 -0.457998 -0.285864E+00  0.680000E-01   0.000  1  CBELSA_2014_Hartmann
 850.000 -0.457998 -0.136669E+00  0.703000E-01   0.000  1  CBELSA_2014_Hartmann
 880.000 -0.457998 -0.261884E+00  0.104400E+00   0.000  1  CBELSA_2014_Hartmann
 890.000 -0.457998 -0.261624E+00  0.104400E+00   0.000  1  CBELSA_2014_Hartmann
 910.000 -0.457998 -0.125917E+00  0.110200E+00   0.000  1  CBELSA_2014_Hartmann
   12
 690.000 -0.374995 -0.206723E+00  0.866000E-01   0.000  1  CBELSA_2014_Hartmann
 710.000 -0.374995 -0.269022E+00  0.982000E-01   0.000  1  CBELSA_2014_Hartmann
 720.000 -0.374995 -0.232151E+00  0.982000E-01   0.000  1  CBELSA_2014_Hartmann
 750.000 -0.374995 -0.131764E-01  0.641000E-01   0.000  1  CBELSA_2014_Hartmann
 780.000 -0.374995 -0.138423E+00  0.670000E-01   0.000  1  CBELSA_2014_Hartmann
 790.000 -0.374995 -0.176381E+00  0.670000E-01   0.000  1  CBELSA_2014_Hartmann
 810.000 -0.374995 -0.175732E+00  0.654000E-01   0.000  1  CBELSA_2014_Hartmann
 820.000 -0.374995 -0.158737E+00  0.654000E-01   0.000  1  CBELSA_2014_Hartmann
 850.000 -0.374995 -0.135924E+00  0.729000E-01   0.000  1  CBELSA_2014_Hartmann
 880.000 -0.374995 -0.232665E+00  0.112100E+00   0.000  1  CBELSA_2014_Hartmann
 890.000 -0.374995 -0.286824E+00  0.112100E+00   0.000  1  CBELSA_2014_Hartmann
 910.000 -0.374995 -0.412165E+00  0.124800E+00   0.000  1  CBELSA_2014_Hartmann
   12
 690.000 -0.292004 -0.136619E+00  0.811000E-01   0.000  1  CBELSA_2014_Hartmann
 710.000 -0.292004 -0.495201E-01  0.893000E-01   0.000  1  CBELSA_2014_Hartmann
 720.000 -0.292004 -0.421225E-01  0.893000E-01   0.000  1  CBELSA_2014_Hartmann
 750.000 -0.292004 -0.878582E-01  0.577000E-01   0.000  1  CBELSA_2014_Hartmann
 780.000 -0.292004 -0.683647E-02  0.599000E-01   0.000  1  CBELSA_2014_Hartmann
 790.000 -0.292004 -0.774693E-02  0.599000E-01   0.000  1  CBELSA_2014_Hartmann
 810.000 -0.292004 -0.771592E-01  0.601000E-01   0.000  1  CBELSA_2014_Hartmann
 820.000 -0.292004 -0.118948E+00  0.601000E-01   0.000  1  CBELSA_2014_Hartmann
 850.000 -0.292004 -0.152889E+00  0.633000E-01   0.000  1  CBELSA_2014_Hartmann
 880.000 -0.292004 -0.294017E-01  0.991000E-01   0.000  1  CBELSA_2014_Hartmann
 890.000 -0.292004 -0.268474E-01  0.991000E-01   0.000  1  CBELSA_2014_Hartmann
 910.000 -0.292004 -0.115742E+00  0.106700E+00   0.000  1  CBELSA_2014_Hartmann
   12
 690.000 -0.207997 -0.160437E+00  0.787000E-01   0.000  1  CBELSA_2014_Hartmann
 710.000 -0.207997 -0.146612E+00  0.838000E-01   0.000  1  CBELSA_2014_Hartmann
 720.000 -0.207997 -0.131226E+00  0.838000E-01   0.000  1  CBELSA_2014_Hartmann
 750.000 -0.207997 -0.564399E-01  0.552000E-01   0.000  1  CBELSA_2014_Hartmann
 780.000 -0.207997  0.303351E-02  0.591000E-01   0.000  1  CBELSA_2014_Hartmann
 790.000 -0.207997  0.598249E-02  0.591000E-01   0.000  1  CBELSA_2014_Hartmann
 810.000 -0.207997 -0.171983E-01  0.596000E-01   0.000  1  CBELSA_2014_Hartmann
 820.000 -0.207997 -0.396556E-01  0.596000E-01   0.000  1  CBELSA_2014_Hartmann
 850.000 -0.207997 -0.142523E+00  0.612000E-01   0.000  1  CBELSA_2014_Hartmann
 880.000 -0.207997 -0.261789E+00  0.100100E+00   0.000  1  CBELSA_2014_Hartmann
 890.000 -0.207997 -0.270550E+00  0.100100E+00   0.000  1  CBELSA_2014_Hartmann
 910.000 -0.207997 -0.231996E+00  0.106300E+00   0.000  1  CBELSA_2014_Hartmann
   12
 690.000 -0.125004 -0.544500E-01  0.760000E-01   0.000  1  CBELSA_2014_Hartmann
 710.000 -0.125004  0.204869E-01  0.787000E-01   0.000  1  CBELSA_2014_Hartmann
 720.000 -0.125004  0.488137E-01  0.787000E-01   0.000  1  CBELSA_2014_Hartmann
 750.000 -0.125004  0.711289E-01  0.540000E-01   0.000  1  CBELSA_2014_Hartmann
 780.000 -0.125004  0.125526E-01  0.555000E-01   0.000  1  CBELSA_2014_Hartmann
 790.000 -0.125004  0.708322E-02  0.555000E-01   0.000  1  CBELSA_2014_Hartmann
 810.000 -0.125004  0.984992E-02  0.581000E-01   0.000  1  CBELSA_2014_Hartmann
 820.000 -0.125004 -0.657516E-02  0.581000E-01   0.000  1  CBELSA_2014_Hartmann
 850.000 -0.125004 -0.839743E-01  0.615000E-01   0.000  1  CBELSA_2014_Hartmann
 880.000 -0.125004 -0.202273E-01  0.981000E-01   0.000  1  CBELSA_2014_Hartmann
 890.000 -0.125004 -0.324499E-01  0.981000E-01   0.000  1  CBELSA_2014_Hartmann
 910.000 -0.125004 -0.146625E+00  0.108300E+00   0.000  1  CBELSA_2014_Hartmann
   12
 690.000 -0.041998  0.836161E-01  0.747000E-01   0.000  1  CBELSA_2014_Hartmann
 710.000 -0.041998  0.742804E-01  0.820000E-01   0.000  1  CBELSA_2014_Hartmann
 720.000 -0.041998  0.885363E-01  0.820000E-01   0.000  1  CBELSA_2014_Hartmann
 750.000 -0.041998  0.116621E+00  0.515000E-01   0.000  1  CBELSA_2014_Hartmann
 780.000 -0.041998 -0.247728E-01  0.539000E-01   0.000  1  CBELSA_2014_Hartmann
 790.000 -0.041998 -0.122787E-01  0.539000E-01   0.000  1  CBELSA_2014_Hartmann
 810.000 -0.041998  0.103527E+00  0.571000E-01   0.000  1  CBELSA_2014_Hartmann
 820.000 -0.041998  0.140665E+00  0.571000E-01   0.000  1  CBELSA_2014_Hartmann
 850.000 -0.041998  0.921838E-01  0.618000E-01   0.000  1  CBELSA_2014_Hartmann
 880.000 -0.041998  0.566253E-01  0.925000E-01   0.000  1  CBELSA_2014_Hartmann
 890.000 -0.041998  0.517450E-01  0.925000E-01   0.000  1  CBELSA_2014_Hartmann
 910.000 -0.041998  0.409515E-01  0.110300E+00   0.000  1  CBELSA_2014_Hartmann
   12
 690.000  0.041998  0.740110E-01  0.754000E-01   0.000  1  CBELSA_2014_Hartmann
 710.000  0.041998  0.146999E+00  0.811000E-01   0.000  1  CBELSA_2014_Hartmann
 720.000  0.041998  0.170049E+00  0.811000E-01   0.000  1  CBELSA_2014_Hartmann
 750.000  0.041998  0.181868E+00  0.520000E-01   0.000  1  CBELSA_2014_Hartmann
 780.000  0.041998  0.169936E+00  0.553000E-01   0.000  1  CBELSA_2014_Hartmann
 790.000  0.041998  0.179271E+00  0.553000E-01   0.000  1  CBELSA_2014_Hartmann
 810.000  0.041998  0.204095E+00  0.562000E-01   0.000  1  CBELSA_2014_Hartmann
 820.000  0.041998  0.200803E+00  0.562000E-01   0.000  1  CBELSA_2014_Hartmann
 850.000  0.041998  0.134141E+00  0.622000E-01   0.000  1  CBELSA_2014_Hartmann
 880.000  0.041998  0.103302E+00  0.978000E-01   0.000  1  CBELSA_2014_Hartmann
 890.000  0.041998  0.886536E-01  0.978000E-01   0.000  1  CBELSA_2014_Hartmann
 910.000  0.041998  0.405809E-01  0.112200E+00   0.000  1  CBELSA_2014_Hartmann
   12
 690.000  0.125004  0.170675E+00  0.754000E-01   0.000  1  CBELSA_2014_Hartmann
 710.000  0.125004  0.453673E-01  0.816000E-01   0.000  1  CBELSA_2014_Hartmann
 720.000  0.125004  0.544525E-01  0.816000E-01   0.000  1  CBELSA_2014_Hartmann
 750.000  0.125004  0.201179E+00  0.514000E-01   0.000  1  CBELSA_2014_Hartmann
 780.000  0.125004  0.402323E-01  0.562000E-01   0.000  1  CBELSA_2014_Hartmann
 790.000  0.125004  0.306928E-01  0.562000E-01   0.000  1  CBELSA_2014_Hartmann
 810.000  0.125004  0.122501E+00  0.560000E-01   0.000  1  CBELSA_2014_Hartmann
 820.000  0.125004  0.164693E+00  0.560000E-01   0.000  1  CBELSA_2014_Hartmann
 850.000  0.125004  0.153488E+00  0.615000E-01   0.000  1  CBELSA_2014_Hartmann
 880.000  0.125004  0.590316E-01  0.100400E+00   0.000  1  CBELSA_2014_Hartmann
 890.000  0.125004  0.334186E-01  0.100400E+00   0.000  1  CBELSA_2014_Hartmann
 910.000  0.125004 -0.703685E-04  0.110700E+00   0.000  1  CBELSA_2014_Hartmann
   12
 690.000  0.207997  0.229912E+00  0.789000E-01   0.000  1  CBELSA_2014_Hartmann
 710.000  0.207997  0.304568E+00  0.790000E-01   0.000  1  CBELSA_2014_Hartmann
 720.000  0.207997  0.312307E+00  0.790000E-01   0.000  1  CBELSA_2014_Hartmann
 750.000  0.207997  0.256219E+00  0.524000E-01   0.000  1  CBELSA_2014_Hartmann
 780.000  0.207997  0.253132E+00  0.554000E-01   0.000  1  CBELSA_2014_Hartmann
 790.000  0.207997  0.248710E+00  0.554000E-01   0.000  1  CBELSA_2014_Hartmann
 810.000  0.207997  0.227578E+00  0.579000E-01   0.000  1  CBELSA_2014_Hartmann
 820.000  0.207997  0.222132E+00  0.579000E-01   0.000  1  CBELSA_2014_Hartmann
 850.000  0.207997  0.231622E+00  0.648000E-01   0.000  1  CBELSA_2014_Hartmann
 880.000  0.207997  0.245668E+00  0.104600E+00   0.000  1  CBELSA_2014_Hartmann
 890.000  0.207997  0.273120E+00  0.104600E+00   0.000  1  CBELSA_2014_Hartmann
 910.000  0.207997  0.369378E+00  0.129400E+00   0.000  1  CBELSA_2014_Hartmann
   12
 690.000  0.292004  0.347109E+00  0.803000E-01   0.000  1  CBELSA_2014_Hartmann
 710.000  0.292004  0.330046E+00  0.840000E-01   0.000  1  CBELSA_2014_Hartmann
 720.000  0.292004  0.322042E+00  0.840000E-01   0.000  1  CBELSA_2014_Hartmann
 750.000  0.292004  0.298248E+00  0.531000E-01   0.000  1  CBELSA_2014_Hartmann
 780.000  0.292004  0.271986E+00  0.576000E-01   0.000  1  CBELSA_2014_Hartmann
 790.000  0.292004  0.265280E+00  0.576000E-01   0.000  1  CBELSA_2014_Hartmann
 810.000  0.292004  0.253893E+00  0.606000E-01   0.000  1  CBELSA_2014_Hartmann
 820.000  0.292004  0.246782E+00  0.606000E-01   0.000  1  CBELSA_2014_Hartmann
 850.000  0.292004  0.236788E+00  0.680000E-01   0.000  1  CBELSA_2014_Hartmann
 880.000  0.292004  0.278352E+00  0.119300E+00   0.000  1  CBELSA_2014_Hartmann
 890.000  0.292004  0.285954E+00  0.119300E+00   0.000  1  CBELSA_2014_Hartmann
 910.000  0.292004  0.280470E+00  0.134100E+00   0.000  1  CBELSA_2014_Hartmann
   12
 690.000  0.374995  0.419474E+00  0.840000E-01   0.000  1  CBELSA_2014_Hartmann
 710.000  0.374995  0.471357E+00  0.894000E-01   0.000  1  CBELSA_2014_Hartmann
 720.000  0.374995  0.461310E+00  0.894000E-01   0.000  1  CBELSA_2014_Hartmann
 750.000  0.374995  0.334885E+00  0.563000E-01   0.000  1  CBELSA_2014_Hartmann
 780.000  0.374995  0.307008E+00  0.615000E-01   0.000  1  CBELSA_2014_Hartmann
 790.000  0.374995  0.326722E+00  0.615000E-01   0.000  1  CBELSA_2014_Hartmann
 810.000  0.374995  0.349079E+00  0.631000E-01   0.000  1  CBELSA_2014_Hartmann
 820.000  0.374995  0.315313E+00  0.631000E-01   0.000  1  CBELSA_2014_Hartmann
 850.000  0.374995  0.204092E+00  0.712000E-01   0.000  1  CBELSA_2014_Hartmann
 880.000  0.374995  0.524231E+00  0.121100E+00   0.000  1  CBELSA_2014_Hartmann
 890.000  0.374995  0.569261E+00  0.121100E+00   0.000  1  CBELSA_2014_Hartmann
 910.000  0.374995  0.462530E+00  0.138500E+00   0.000  1  CBELSA_2014_Hartmann
   12
 690.000  0.457998  0.468879E+00  0.110800E+00   0.000  1  CBELSA_2014_Hartmann
 710.000  0.457998  0.411802E+00  0.999000E-01   0.000  1  CBELSA_2014_Hartmann
 720.000  0.457998  0.390833E+00  0.999000E-01   0.000  1  CBELSA_2014_Hartmann
 750.000  0.457998  0.371429E+00  0.604000E-01   0.000  1  CBELSA_2014_Hartmann
 780.000  0.457998  0.415490E+00  0.635000E-01   0.000  1  CBELSA_2014_Hartmann
 790.000  0.457998  0.439434E+00  0.635000E-01   0.000  1  CBELSA_2014_Hartmann
 810.000  0.457998  0.476601E+00  0.691000E-01   0.000  1  CBELSA_2014_Hartmann
 820.000  0.457998  0.476039E+00  0.691000E-01   0.000  1  CBELSA_2014_Hartmann
 850.000  0.457998  0.477203E+00  0.770000E-01   0.000  1  CBELSA_2014_Hartmann
 880.000  0.457998  0.661552E+00  0.130900E+00   0.000  1  CBELSA_2014_Hartmann
 890.000  0.457998  0.682798E+00  0.130900E+00   0.000  1  CBELSA_2014_Hartmann
 910.000  0.457998  0.617274E+00  0.147700E+00   0.000  1  CBELSA_2014_Hartmann
   12
 720.000  0.542002  0.357674E+00  0.184800E+00   0.000  1  CBELSA_2014_Hartmann
 750.000  0.542002  0.302423E+00  0.902000E-01   0.000  1  CBELSA_2014_Hartmann
 780.000  0.542002  0.440542E+00  0.786000E-01   0.000  1  CBELSA_2014_Hartmann
 790.000  0.542002  0.471247E+00  0.786000E-01   0.000  1  CBELSA_2014_Hartmann
 810.000  0.542002  0.481787E+00  0.799000E-01   0.000  1  CBELSA_2014_Hartmann
 820.000  0.542002  0.482673E+00  0.799000E-01   0.000  1  CBELSA_2014_Hartmann
 850.000  0.542002  0.539917E+00  0.866000E-01   0.000  1  CBELSA_2014_Hartmann
 880.000  0.542002  0.641027E+00  0.130300E+00   0.000  1  CBELSA_2014_Hartmann
 890.000  0.542002  0.625445E+00  0.130300E+00   0.000  1  CBELSA_2014_Hartmann
 910.000  0.542002  0.501528E+00  0.150100E+00   0.000  1  CBELSA_2014_Hartmann
   12
 790.000  0.624997  0.122887E+01  0.360200E+00   0.000  1  CBELSA_2014_Hartmann
 810.000  0.624997  0.723804E+00  0.192000E+00   0.000  1  CBELSA_2014_Hartmann
 820.000  0.624997  0.617294E+00  0.192000E+00   0.000  1  CBELSA_2014_Hartmann
 850.000  0.624997  0.815154E+00  0.169100E+00   0.000  1  CBELSA_2014_Hartmann
 880.000  0.624997  0.933036E+00  0.183700E+00   0.000  1  CBELSA_2014_Hartmann
 890.000  0.624997  0.820954E+00  0.183700E+00   0.000  1  CBELSA_2014_Hartmann
 910.000  0.624997  0.378137E+00  0.197400E+00   0.000  1  CBELSA_2014_Hartmann