   20
    8  683.500  916.660
 683.500 -0.957998 -0.120100E+00  0.256300E+00   0.000  1  CBELSA_2014_Hartmann
 715.610 -0.957998 -0.603400E+00  0.238700E+00   0.000  1  CBELSA_2014_Hartmann
 749.940 -0.957998 -0.359600E+00  0.144200E+00   0.000  1  CBELSA_2014_Hartmann
 783.420 -0.957998 -0.975000E-01  0.129700E+00   0.000  1  CBELSA_2014_Hartmann
 815.920 -0.957998 -0.696000E-01  0.122700E+00   0.000  1  CBELSA_2014_Hartmann
 850.450 -0.957998 -0.331000E+00  0.115500E+00   0.000  1  CBELSA_2014_Hartmann
 884.020 -0.957998 -0.152900E+00  0.161700E+00   0.000  1  CBELSA_2014_Hartmann
 916.660 -0.957998  0.211700E+00  0.172100E+00   0.000  1  CBELSA_2014_Hartmann
    8  683.500  916.660
 683.500 -0.875000 -0.936200E+00  0.153800E+00   0.000  1  CBELSA_2014_Hartmann
 715.610 -0.875000 -0.588400E+00  0.150300E+00   0.000  1  CBELSA_2014_Hartmann
 749.940 -0.875000 -0.596800E+00  0.947000E-01   0.000  1  CBELSA_2014_Hartmann
 783.420 -0.875000 -0.536800E+00  0.892000E-01   0.000  1  CBELSA_2014_Hartmann
 815.920 -0.875000 -0.419500E+00  0.830000E-01   0.000  1  CBELSA_2014_Hartmann
 850.450 -0.875000 -0.179700E+00  0.808000E-01   0.000  1  CBELSA_2014_Hartmann
 884.020 -0.875000 -0.428200E+00  0.117900E+00   0.000  1  CBELSA_2014_Hartmann
 916.660 -0.875000 -0.357100E+00  0.112800E+00   0.000  1  CBELSA_2014_Hartmann
    8  683.500  916.660
 683.500 -0.792002 -0.692000E+00  0.114600E+00   0.000  1  CBELSA_2014_Hartmann
 715.610 -0.792002 -0.686500E+00  0.114800E+00   0.000  1  CBELSA_2014_Hartmann
 749.940 -0.792002 -0.405500E+00  0.711000E-01   0.000  1  CBELSA_2014_Hartmann
 783.420 -0.792002 -0.450500E+00  0.679000E-01   0.000  1  CBELSA_2014_Hartmann
 815.920 -0.792002 -0.393800E+00  0.645000E-01   0.000  1  CBELSA_2014_Hartmann
 850.450 -0.792002 -0.246300E+00  0.645000E-01   0.000  1  CBELSA_2014_Hartmann
 884.020 -0.792002 -0.186100E+00  0.952000E-01   0.000  1  CBELSA_2014_Hartmann
 916.660 -0.792002 -0.698000E-01  0.964000E-01   0.000  1  CBELSA_2014_Hartmann
    8  683.500  916.660
 683.500 -0.707995 -0.572500E+00  0.101800E+00   0.000  1  CBELSA_2014_Hartmann
 715.610 -0.707995 -0.724200E+00  0.106000E+00   0.000  1  CBELSA_2014_Hartmann
 749.940 -0.707995 -0.553200E+00  0.670000E-01   0.000  1  CBELSA_2014_Hartmann
 783.420 -0.707995 -0.492500E+00  0.657000E-01   0.000  1  CBELSA_2014_Hartmann
 815.920 -0.707995 -0.357800E+00  0.595000E-01   0.000  1  CBELSA_2014_Hartmann
 850.450 -0.707995 -0.349100E+00  0.608000E-01   0.000  1  CBELSA_2014_Hartmann
 884.020 -0.707995 -0.209000E+00  0.895000E-01   0.000  1  CBELSA_2014_Hartmann
 916.660 -0.707995 -0.152400E+00  0.884000E-01   0.000  1  CBELSA_2014_Hartmann
    8  683.500  916.660
 683.500 -0.624998 -0.417400E+00  0.893000E-01   0.000  1  CBELSA_2014_Hartmann
 715.610 -0.624998 -0.486100E+00  0.943000E-01   0.000  1  CBELSA_2014_Hartmann
 749.940 -0.624998 -0.320400E+00  0.608000E-01   0.000  1  CBELSA_2014_Hartmann
 783.420 -0.624998 -0.423100E+00  0.607000E-01   0.000  1  CBELSA_2014_Hartmann
 815.920 -0.624998 -0.325900E+00  0.593000E-01   0.000  1  CBELSA_2014_Hartmann
 850.450 -0.624998 -0.150200E+00  0.585000E-01   0.000  1  CBELSA_2014_Hartmann
 884.020 -0.624998 -0.224900E+00  0.900000E-01   0.000  1  CBELSA_2014_Hartmann
 916.660 -0.624998 -0.282800E+00  0.891000E-01   0.000  1  CBELSA_2014_Hartmann
    8  683.500  916.660
 683.500 -0.542002 -0.493200E+00  0.838000E-01   0.000  1  CBELSA_2014_Hartmann
 715.610 -0.542002 -0.317000E+00  0.867000E-01   0.000  1  CBELSA_2014_Hartmann
 749.940 -0.542002 -0.245500E+00  0.561000E-01   0.000  1  CBELSA_2014_Hartmann
 783.420 -0.542002 -0.254400E+00  0.611000E-01   0.000  1  CBELSA_2014_Hartmann
 815.920 -0.542002 -0.230700E+00  0.582000E-01   0.000  1  CBELSA_2014_Hartmann
 850.450 -0.542002 -0.165500E+00  0.571000E-01   0.000  1  CBELSA_2014_Hartmann
 884.020 -0.542002 -0.292600E+00  0.883000E-01   0.000  1  CBELSA_2014_Hartmann
 916.660 -0.542002 -0.198900E+00  0.888000E-01   0.000  1  CBELSA_2014_Hartmann
    8  683.500  916.660
 683.500 -0.457998 -0.345800E+00  0.975000E-01   0.000  1  CBELSA_2014_Hartmann
 715.610 -0.457998 -0.243900E+00  0.102500E+00   0.000  1  CBELSA_2014_Hartmann
 749.940 -0.457998 -0.113300E+00  0.665000E-01   0.000  1  CBELSA_2014_Hartmann
 783.420 -0.457998 -0.212500E+00  0.681000E-01   0.000  1  CBELSA_2014_Hartmann
 815.920 -0.457998 -0.300700E+00  0.680000E-01   0.000  1  CBELSA_2014_Hartmann
 850.450 -0.457998 -0.136600E+00  0.703000E-01   0.000  1  CBELSA_2014_Hartmann
 884.020 -0.457998 -0.268900E+00  0.104400E+00   0.000  1  CBELSA_2014_Hartmann
 916.660 -0.457998 -0.615000E-01  0.110200E+00   0.000  1  CBELSA_2014_Hartmann
    8  683.500  916.660
 683.500 -0.374995 -0.167700E+00  0.866000E-01   0.000  1  CBELSA_2014_Hartmann
 715.610 -0.374995 -0.255600E+00  0.982000E-01   0.000  1  CBELSA_2014_Hartmann
 749.940 -0.374995 -0.133000E-01  0.641000E-01   0.000  1  CBELSA_2014_Hartmann
 783.420 -0.374995 -0.155200E+00  0.670000E-01   0.000  1  CBELSA_2014_Hartmann
 815.920 -0.374995 -0.165900E+00  0.654000E-01   0.000  1  CBELSA_2014_Hartmann
 850.450 -0.374995 -0.136400E+00  0.729000E-01   0.000  1  CBELSA_2014_Hartmann
 884.020 -0.374995 -0.253500E+00  0.112100E+00   0.000  1  CBELSA_2014_Hartmann
 916.660 -0.374995 -0.456300E+00  0.124800E+00   0.000  1  CBELSA_2014_Hartmann
    8  683.500  916.660
 683.500 -0.292004 -0.174900E+00  0.811000E-01   0.000  1  CBELSA_2014_Hartmann
 715.610 -0.292004 -0.415000E-01  0.893000E-01   0.000  1  CBELSA_2014_Hartmann
 749.940 -0.292004 -0.879000E-01  0.577000E-01   0.000  1  CBELSA_2014_Hartmann
 783.420 -0.292004 -0.340000E-02  0.599000E-01   0.000  1  CBELSA_2014_Hartmann
 815.920 -0.292004 -0.102700E+00  0.601000E-01   0.000  1  CBELSA_2014_Hartmann
 850.450 -0.292004 -0.151700E+00  0.633000E-01   0.000  1  CBELSA_2014_Hartmann
 884.020 -0.292004 -0.234000E-01  0.991000E-01   0.000  1  CBELSA_2014_Hartmann
 916.660 -0.292004 -0.158700E+00  0.106700E+00   0.000  1  CBELSA_2014_Hartmann
    8  683.500  916.660
 683.500 -0.207997 -0.162600E+00  0.787000E-01   0.000  1  CBELSA_2014_Hartmann
 715.610 -0.207997 -0.138900E+00  0.838000E-01   0.000  1  CBELSA_2014_Hartmann
 749.940 -0.207997 -0.566000E-01  0.552000E-01   0.000  1  CBELSA_2014_Hartmann
 783.420 -0.207997  0.530000E-02  0.591000E-01   0.000  1  CBELSA_2014_Hartmann
 815.920 -0.207997 -0.298000E-01  0.596000E-01   0.000  1  CBELSA_2014_Hartmann
 850.450 -0.207997 -0.144500E+00  0.612000E-01   0.000  1  CBELSA_2014_Hartmann
 884.020 -0.207997 -0.268300E+00  0.100100E+00   0.000  1  CBELSA_2014_Hartmann
 916.660 -0.207997 -0.211200E+00  0.106300E+00   0.000  1  CBELSA_2014_Hartmann
    8  683.500  916.660
 683.500 -0.125004 -0.813000E-01  0.760000E-01   0.000  1  CBELSA_2014_Hartmann
 715.610 -0.125004  0.374000E-01  0.787000E-01   0.000  1  CBELSA_2014_Hartmann
 749.940 -0.125004  0.712000E-01  0.540000E-01   0.000  1  CBELSA_2014_Hartmann
 783.420 -0.125004  0.900000E-02  0.555000E-01   0.000  1  CBELSA_2014_Hartmann
 815.920 -0.125004  0.270000E-02  0.581000E-01   0.000  1  CBELSA_2014_Hartmann
 850.450 -0.125004 -0.839000E-01  0.615000E-01   0.000  1  CBELSA_2014_Hartmann
 884.020 -0.125004 -0.204000E-01  0.981000E-01   0.000  1  CBELSA_2014_Hartmann
 916.660 -0.125004 -0.197400E+00  0.108300E+00   0.000  1  CBELSA_2014_Hartmann
    8  683.500  916.660
 683.500 -0.041998  0.919000E-01  0.747000E-01   0.000  1  CBELSA_2014_Hartmann
 715.610 -0.041998  0.803000E-01  0.820000E-01   0.000  1  CBELSA_2014_Hartmann
 749.940 -0.041998  0.116800E+00  0.515000E-01   0.000  1  CBELSA_2014_Hartmann
 783.420 -0.041998 -0.270000E-01  0.539000E-01   0.000  1  CBELSA_2014_Hartmann
 815.920 -0.041998  0.130400E+00  0.571000E-01   0.000  1  CBELSA_2014_Hartmann
 850.450 -0.041998  0.911000E-01  0.618000E-01   0.000  1  CBELSA_2014_Hartmann
 884.020 -0.041998  0.547000E-01  0.925000E-01   0.000  1  CBELSA_2014_Hartmann
 916.660 -0.041998  0.372000E-01  0.110300E+00   0.000  1  CBELSA_2014_Hartmann
    8  683.500  916.660
 683.500  0.041998  0.466000E-01  0.754000E-01   0.000  1  CBELSA_2014_Hartmann
 715.610  0.041998  0.161400E+00  0.811000E-01   0.000  1  CBELSA_2014_Hartmann
 749.940  0.041998  0.181900E+00  0.520000E-01   0.000  1  CBELSA_2014_Hartmann
 783.420  0.041998  0.172000E+00  0.553000E-01   0.000  1  CBELSA_2014_Hartmann
 815.920  0.041998  0.204300E+00  0.562000E-01   0.000  1  CBELSA_2014_Hartmann
 850.450  0.041998  0.133300E+00  0.622000E-01   0.000  1  CBELSA_2014_Hartmann
 884.020  0.041998  0.984000E-01  0.978000E-01   0.000  1  CBELSA_2014_Hartmann
 916.660  0.041998  0.219000E-01  0.112200E+00   0.000  1  CBELSA_2014_Hartmann
    8  683.500  916.660
 683.500  0.125004  0.231200E+00  0.754000E-01   0.000  1  CBELSA_2014_Hartmann
 715.610  0.125004  0.428000E-01  0.816000E-01   0.000  1  CBELSA_2014_Hartmann
 749.940  0.125004  0.201200E+00  0.514000E-01   0.000  1  CBELSA_2014_Hartmann
 783.420  0.125004  0.301000E-01  0.562000E-01   0.000  1  CBELSA_2014_Hartmann
 815.920  0.125004  0.150700E+00  0.560000E-01   0.000  1  CBELSA_2014_Hartmann
 850.450  0.125004  0.152300E+00  0.615000E-01   0.000  1  CBELSA_2014_Hartmann
 884.020  0.125004  0.478000E-01  0.100400E+00   0.000  1  CBELSA_2014_Hartmann
 916.660  0.125004 -0.870000E-02  0.110700E+00   0.000  1  CBELSA_2014_Hartmann
    8  683.500  916.660
 683.500  0.207997  0.197500E+00  0.789000E-01   0.000  1  CBELSA_2014_Hartmann
 715.610  0.207997  0.312100E+00  0.790000E-01   0.000  1  CBELSA_2014_Hartmann
 749.940  0.207997  0.256300E+00  0.524000E-01   0.000  1  CBELSA_2014_Hartmann
 783.420  0.207997  0.252600E+00  0.554000E-01   0.000  1  CBELSA_2014_Hartmann
 815.920  0.207997  0.223400E+00  0.579000E-01   0.000  1  CBELSA_2014_Hartmann
 850.450  0.207997  0.231700E+00  0.648000E-01   0.000  1  CBELSA_2014_Hartmann
 884.020  0.207997  0.254500E+00  0.104600E+00   0.000  1  CBELSA_2014_Hartmann
 916.660  0.207997  0.407300E+00  0.129400E+00   0.000  1  CBELSA_2014_Hartmann
    8  683.500  916.660
 683.500  0.292004  0.352800E+00  0.803000E-01   0.000  1  CBELSA_2014_Hartmann
 715.610  0.292004  0.325500E+00  0.840000E-01   0.000  1  CBELSA_2014_Hartmann
 749.940  0.292004  0.298300E+00  0.531000E-01   0.000  1  CBELSA_2014_Hartmann
 783.420  0.292004  0.269500E+00  0.576000E-01   0.000  1  CBELSA_2014_Hartmann
 815.920  0.292004  0.249900E+00  0.606000E-01   0.000  1  CBELSA_2014_Hartmann
 850.450  0.292004  0.237100E+00  0.680000E-01   0.000  1  CBELSA_2014_Hartmann
 884.020  0.292004  0.282500E+00  0.119300E+00   0.000  1  CBELSA_2014_Hartmann
 916.660  0.292004  0.275700E+00  0.134100E+00   0.000  1  CBELSA_2014_Hartmann
    8  683.500  916.660
 683.500  0.374995  0.392700E+00  0.840000E-01   0.000  1  CBELSA_2014_Hartmann
 715.610  0.374995  0.469600E+00  0.894000E-01   0.000  1  CBELSA_2014_Hartmann
 749.940  0.374995  0.335100E+00  0.563000E-01   0.000  1  CBELSA_2014_Hartmann
 783.420  0.374995  0.312600E+00  0.615000E-01   0.000  1  CBELSA_2014_Hartmann
 815.920  0.374995  0.334300E+00  0.631000E-01   0.000  1  CBELSA_2014_Hartmann
 850.450  0.374995  0.206100E+00  0.712000E-01   0.000  1  CBELSA_2014_Hartmann
 884.020  0.374995  0.552700E+00  0.121100E+00   0.000  1  CBELSA_2014_Hartmann
 916.660  0.374995  0.399000E+00  0.138500E+00   0.000  1  CBELSA_2014_Hartmann
    8  683.500  916.660
 683.500  0.457998  0.489500E+00  0.110800E+00   0.000  1  CBELSA_2014_Hartmann
 715.610  0.457998  0.399200E+00  0.999000E-01   0.000  1  CBELSA_2014_Hartmann
 749.940  0.457998  0.371400E+00  0.604000E-01   0.000  1  CBELSA_2014_Hartmann
 783.420  0.457998  0.423400E+00  0.635000E-01   0.000  1  CBELSA_2014_Hartmann
 815.920  0.457998  0.478400E+00  0.691000E-01   0.000  1  CBELSA_2014_Hartmann
 850.450  0.457998  0.478900E+00  0.770000E-01   0.000  1  CBELSA_2014_Hartmann
 884.020  0.457998  0.675800E+00  0.130900E+00   0.000  1  CBELSA_2014_Hartmann
 916.660  0.457998  0.580100E+00  0.147700E+00   0.000  1  CBELSA_2014_Hartmann
    7  715.610  916.660
 715.610  0.542002  0.376100E+00  0.184800E+00   0.000  1  CBELSA_2014_Hartmann
 749.940  0.542002  0.302300E+00  0.902000E-01   0.000  1  CBELSA_2014_Hartmann
 783.420  0.542002  0.453900E+00  0.786000E-01   0.000  1  CBELSA_2014_Hartmann
 815.920  0.542002  0.481600E+00  0.799000E-01   0.000  1  CBELSA_2014_Hartmann
 850.450  0.542002  0.541600E+00  0.866000E-01   0.000  1  CBELSA_2014_Hartmann
 884.020  0.542002  0.639700E+00  0.130300E+00   0.000  1  CBELSA_2014_Hartmann
 916.660  0.542002  0.447100E+00  0.150100E+00   0.000  1  CBELSA_2014_Hartmann
    5  783.400  916.660
 783.420  0.624997  0.143580E+01  0.360200E+00   0.000  1  CBELSA_2014_Hartmann
 815.920  0.624997  0.645100E+00  0.192000E+00   0.000  1  CBELSA_2014_Hartmann
 850.450  0.624997  0.819900E+00  0.169100E+00   0.000  1  CBELSA_2014_Hartmann
 884.020  0.624997  0.899700E+00  0.183700E+00   0.000  1  CBELSA_2014_Hartmann
 916.660  0.624997  0.199700E+00  0.197400E+00   0.000  1  CBELSA_2014_Hartmann