   18
   -0.996195   44
  147.000000  0.116345E-01  0.334220E-01   0.000  1  CBMAMI_2014_Schumann
  150.000000  0.247518E-01  0.117573E+00   0.000  1  CBMAMI_2014_Schumann
  155.000000  0.956068E-01  0.107077E+00   0.000  1  CBMAMI_2014_Schumann
  160.000000  0.332931E-01  0.136769E+00   0.000  1  CBMAMI_2014_Schumann
  165.000000  0.126995E+00  0.167387E+00   0.000  1  CBMAMI_2014_Schumann
  170.000000  0.135696E+00  0.177134E+00   0.000  1  CBMAMI_2014_Schumann
  175.000000 -0.773775E-01  0.204053E+00   0.000  1  CBMAMI_2014_Schumann
  180.000000 -0.449680E+00  0.294042E+00   0.000  1  CBMAMI_2014_Schumann
  185.000000  0.215767E+00  0.319355E+00   0.000  1  CBMAMI_2014_Schumann
  190.000000 -0.125607E+00  0.359279E+00   0.000  1  CBMAMI_2014_Schumann
  195.000000 -0.403071E+00  0.404092E+00   0.000  1  CBMAMI_2014_Schumann
  200.000000 -0.578060E+00  0.513181E+00   0.000  1  CBMAMI_2014_Schumann
  205.000000 -0.163604E+00  0.580568E+00   0.000  1  CBMAMI_2014_Schumann
  210.000000  0.103385E+00  0.604715E+00   0.000  1  CBMAMI_2014_Schumann
  215.000000 -0.272605E+00  0.752925E+00   0.000  1  CBMAMI_2014_Schumann
  220.000000  0.193164E+00  0.783629E+00   0.000  1  CBMAMI_2014_Schumann
  225.000000 -0.107000E+01  0.952430E+00   0.000  1  CBMAMI_2014_Schumann
  230.000000  0.387331E-01  0.894305E+00   0.000  1  CBMAMI_2014_Schumann
  235.000000  0.121551E+00  0.104239E+01   0.000  1  CBMAMI_2014_Schumann
  240.000000 -0.350735E-01  0.114084E+01   0.000  1  CBMAMI_2014_Schumann
  245.000000  0.723081E+00  0.115259E+01   0.000  1  CBMAMI_2014_Schumann
  250.000000  0.925791E+00  0.120134E+01   0.000  1  CBMAMI_2014_Schumann
  255.000000  0.229776E+01  0.132011E+01   0.000  1  CBMAMI_2014_Schumann
  260.000000 -0.178347E+01  0.165709E+01   0.000  1  CBMAMI_2014_Schumann
  265.000000 -0.523296E+00  0.162246E+01   0.000  1  CBMAMI_2014_Schumann
  270.000000 -0.216186E+01  0.165993E+01   0.000  1  CBMAMI_2014_Schumann
  275.000000  0.179950E+01  0.158435E+01   0.000  1  CBMAMI_2014_Schumann
  280.000000  0.814506E+00  0.178644E+01   0.000  1  CBMAMI_2014_Schumann
  285.000000 -0.481161E+00  0.184186E+01   0.000  1  CBMAMI_2014_Schumann
  290.000000  0.131836E+01  0.207864E+01   0.000  1  CBMAMI_2014_Schumann
  295.000000 -0.611933E+00  0.199117E+01   0.000  1  CBMAMI_2014_Schumann
  300.000000  0.304995E+01  0.211252E+01   0.000  1  CBMAMI_2014_Schumann
  310.000000  0.105166E+01  0.221521E+01   0.000  1  CBMAMI_2014_Schumann
  320.000000  0.102599E+01  0.285925E+01   0.000  1  CBMAMI_2014_Schumann
  330.000000 -0.206426E+01  0.284770E+01   0.000  1  CBMAMI_2014_Schumann
  340.000000 -0.165819E+01  0.307703E+01   0.000  1  CBMAMI_2014_Schumann
  350.000000  0.467124E+01  0.288623E+01   0.000  1  CBMAMI_2014_Schumann
  360.000000  0.153382E+01  0.350110E+01   0.000  1  CBMAMI_2014_Schumann
  370.000000  0.604077E+01  0.302836E+01   0.000  1  CBMAMI_2014_Schumann
  380.000000 -0.169544E+01  0.301587E+01   0.000  1  CBMAMI_2014_Schumann
  390.000000  0.253189E+01  0.284048E+01   0.000  1  CBMAMI_2014_Schumann
  400.000000 -0.635354E-01  0.281400E+01   0.000  1  CBMAMI_2014_Schumann
  410.000000 -0.192639E+01  0.303918E+01   0.000  1  CBMAMI_2014_Schumann
  420.000000  0.567500E+01  0.456000E+01   0.000  1  CBMAMI_2014_Schumann
   -0.965926   44
  147.000000  0.105330E-02  0.189590E-01   0.000  1  CBMAMI_2014_Schumann
  150.000000  0.182045E-01  0.435220E-01   0.000  1  CBMAMI_2014_Schumann
  155.000000  0.656884E-03  0.513800E-01   0.000  1  CBMAMI_2014_Schumann
  160.000000  0.919174E-01  0.662910E-01   0.000  1  CBMAMI_2014_Schumann
  165.000000  0.688095E-01  0.792210E-01   0.000  1  CBMAMI_2014_Schumann
  170.000000 -0.727698E-01  0.864760E-01   0.000  1  CBMAMI_2014_Schumann
  175.000000 -0.287971E-01  0.112892E+00   0.000  1  CBMAMI_2014_Schumann
  180.000000  0.162309E+00  0.127900E+00   0.000  1  CBMAMI_2014_Schumann
  185.000000 -0.137133E+00  0.158772E+00   0.000  1  CBMAMI_2014_Schumann
  190.000000  0.993995E-01  0.162113E+00   0.000  1  CBMAMI_2014_Schumann
  195.000000  0.315881E+00  0.182148E+00   0.000  1  CBMAMI_2014_Schumann
  200.000000 -0.143458E+00  0.227585E+00   0.000  1  CBMAMI_2014_Schumann
  205.000000  0.106161E+00  0.252053E+00   0.000  1  CBMAMI_2014_Schumann
  210.000000  0.432658E-01  0.288134E+00   0.000  1  CBMAMI_2014_Schumann
  215.000000  0.580348E+00  0.325234E+00   0.000  1  CBMAMI_2014_Schumann
  220.000000  0.645264E+00  0.325153E+00   0.000  1  CBMAMI_2014_Schumann
  225.000000  0.161627E+01  0.400746E+00   0.000  1  CBMAMI_2014_Schumann
  230.000000  0.365731E+00  0.390936E+00   0.000  1  CBMAMI_2014_Schumann
  235.000000  0.100519E+01  0.416397E+00   0.000  1  CBMAMI_2014_Schumann
  240.000000  0.164789E+01  0.486197E+00   0.000  1  CBMAMI_2014_Schumann
  245.000000  0.475654E+00  0.514817E+00   0.000  1  CBMAMI_2014_Schumann
  250.000000  0.100073E+01  0.525214E+00   0.000  1  CBMAMI_2014_Schumann
  255.000000  0.961102E+00  0.570175E+00   0.000  1  CBMAMI_2014_Schumann
  260.000000  0.260172E+01  0.743311E+00   0.000  1  CBMAMI_2014_Schumann
  265.000000  0.164583E+01  0.669781E+00   0.000  1  CBMAMI_2014_Schumann
  270.000000  0.241823E+01  0.676654E+00   0.000  1  CBMAMI_2014_Schumann
  275.000000  0.157933E+01  0.715942E+00   0.000  1  CBMAMI_2014_Schumann
  280.000000  0.268215E+01  0.751597E+00   0.000  1  CBMAMI_2014_Schumann
  285.000000  0.273470E+01  0.800657E+00   0.000  1  CBMAMI_2014_Schumann
  290.000000  0.179303E+01  0.840426E+00   0.000  1  CBMAMI_2014_Schumann
  295.000000  0.211265E+01  0.871590E+00   0.000  1  CBMAMI_2014_Schumann
  300.000000  0.401295E+01  0.912712E+00   0.000  1  CBMAMI_2014_Schumann
  310.000000  0.323954E+01  0.957240E+00   0.000  1  CBMAMI_2014_Schumann
  320.000000  0.223977E+01  0.121817E+01   0.000  1  CBMAMI_2014_Schumann
  330.000000  0.374365E+01  0.120669E+01   0.000  1  CBMAMI_2014_Schumann
  340.000000  0.402047E+01  0.128469E+01   0.000  1  CBMAMI_2014_Schumann
  350.000000  0.373221E+00  0.127892E+01   0.000  1  CBMAMI_2014_Schumann
  360.000000  0.198198E+01  0.148238E+01   0.000  1  CBMAMI_2014_Schumann
  370.000000  0.895155E+00  0.121742E+01   0.000  1  CBMAMI_2014_Schumann
  380.000000  0.277056E+01  0.123761E+01   0.000  1  CBMAMI_2014_Schumann
  390.000000  0.118062E+01  0.120453E+01   0.000  1  CBMAMI_2014_Schumann
  400.000000  0.316272E+01  0.123290E+01   0.000  1  CBMAMI_2014_Schumann
  410.000000  0.844967E+00  0.131736E+01   0.000  1  CBMAMI_2014_Schumann
  420.000000  0.132863E+01  0.193726E+01   0.000  1  CBMAMI_2014_Schumann
   -0.906308   44
  147.000000 -0.220689E-01  0.160240E-01   0.000  1  CBMAMI_2014_Schumann
  150.000000  0.916183E-02  0.333580E-01   0.000  1  CBMAMI_2014_Schumann
  155.000000  0.686974E-02  0.328300E-01   0.000  1  CBMAMI_2014_Schumann
  160.000000 -0.134233E-01  0.447550E-01   0.000  1  CBMAMI_2014_Schumann
  165.000000  0.754572E-02  0.631190E-01   0.000  1  CBMAMI_2014_Schumann
  170.000000 -0.860886E-02  0.677230E-01   0.000  1  CBMAMI_2014_Schumann
  175.000000  0.886143E-01  0.893680E-01   0.000  1  CBMAMI_2014_Schumann
  180.000000 -0.176623E-01  0.969580E-01   0.000  1  CBMAMI_2014_Schumann
  185.000000  0.273983E+00  0.125529E+00   0.000  1  CBMAMI_2014_Schumann
  190.000000  0.825025E-01  0.128320E+00   0.000  1  CBMAMI_2014_Schumann
  195.000000  0.300700E+00  0.144662E+00   0.000  1  CBMAMI_2014_Schumann
  200.000000  0.223897E+00  0.176347E+00   0.000  1  CBMAMI_2014_Schumann
  205.000000  0.537533E+00  0.193332E+00   0.000  1  CBMAMI_2014_Schumann
  210.000000  0.788216E+00  0.218291E+00   0.000  1  CBMAMI_2014_Schumann
  215.000000  0.490495E+00  0.244208E+00   0.000  1  CBMAMI_2014_Schumann
  220.000000  0.630191E+00  0.256508E+00   0.000  1  CBMAMI_2014_Schumann
  225.000000  0.135499E+01  0.297933E+00   0.000  1  CBMAMI_2014_Schumann
  230.000000  0.116984E+01  0.298265E+00   0.000  1  CBMAMI_2014_Schumann
  235.000000  0.135998E+01  0.319417E+00   0.000  1  CBMAMI_2014_Schumann
  240.000000  0.131614E+01  0.372463E+00   0.000  1  CBMAMI_2014_Schumann
  245.000000  0.162031E+01  0.383902E+00   0.000  1  CBMAMI_2014_Schumann
  250.000000  0.153277E+01  0.395545E+00   0.000  1  CBMAMI_2014_Schumann
  255.000000  0.179611E+01  0.441538E+00   0.000  1  CBMAMI_2014_Schumann
  260.000000  0.309561E+01  0.567958E+00   0.000  1  CBMAMI_2014_Schumann
  265.000000  0.252442E+01  0.502417E+00   0.000  1  CBMAMI_2014_Schumann
  270.000000  0.201655E+01  0.511320E+00   0.000  1  CBMAMI_2014_Schumann
  275.000000  0.269521E+01  0.534268E+00   0.000  1  CBMAMI_2014_Schumann
  280.000000  0.302767E+01  0.564492E+00   0.000  1  CBMAMI_2014_Schumann
  285.000000  0.383851E+01  0.589321E+00   0.000  1  CBMAMI_2014_Schumann
  290.000000  0.439017E+01  0.633235E+00   0.000  1  CBMAMI_2014_Schumann
  295.000000  0.398218E+01  0.641219E+00   0.000  1  CBMAMI_2014_Schumann
  300.000000  0.566591E+01  0.680614E+00   0.000  1  CBMAMI_2014_Schumann
  310.000000  0.837893E+01  0.703232E+00   0.000  1  CBMAMI_2014_Schumann
  320.000000  0.424219E+01  0.933686E+00   0.000  1  CBMAMI_2014_Schumann
  330.000000  0.607155E+01  0.880986E+00   0.000  1  CBMAMI_2014_Schumann
  340.000000  0.338004E+01  0.919224E+00   0.000  1  CBMAMI_2014_Schumann
  350.000000  0.412646E+01  0.917627E+00   0.000  1  CBMAMI_2014_Schumann
  360.000000  0.408011E+01  0.106917E+01   0.000  1  CBMAMI_2014_Schumann
  370.000000  0.322327E+01  0.877583E+00   0.000  1  CBMAMI_2014_Schumann
  380.000000  0.156851E+01  0.899691E+00   0.000  1  CBMAMI_2014_Schumann
  390.000000  0.268736E+01  0.850310E+00   0.000  1  CBMAMI_2014_Schumann
  400.000000  0.273094E+01  0.822468E+00   0.000  1  CBMAMI_2014_Schumann
  410.000000  0.382555E+01  0.102241E+01   0.000  1  CBMAMI_2014_Schumann
  420.000000 -0.290714E+01  0.125410E+01   0.000  1  CBMAMI_2014_Schumann
   -0.819152   44
  147.000000 -0.310602E-01  0.326380E-01   0.000  1  CBMAMI_2014_Schumann
  150.000000  0.222125E-01  0.252980E-01   0.000  1  CBMAMI_2014_Schumann
  155.000000  0.279275E-01  0.292550E-01   0.000  1  CBMAMI_2014_Schumann
  160.000000  0.180028E-01  0.407230E-01   0.000  1  CBMAMI_2014_Schumann
  165.000000  0.257156E-01  0.562070E-01   0.000  1  CBMAMI_2014_Schumann
  170.000000  0.563379E-01  0.578650E-01   0.000  1  CBMAMI_2014_Schumann
  175.000000  0.719048E-01  0.766270E-01   0.000  1  CBMAMI_2014_Schumann
  180.000000  0.661970E-01  0.860030E-01   0.000  1  CBMAMI_2014_Schumann
  185.000000  0.346020E+00  0.108553E+00   0.000  1  CBMAMI_2014_Schumann
  190.000000  0.941252E-01  0.107742E+00   0.000  1  CBMAMI_2014_Schumann
  195.000000  0.511031E+00  0.123993E+00   0.000  1  CBMAMI_2014_Schumann
  200.000000  0.373208E+00  0.150640E+00   0.000  1  CBMAMI_2014_Schumann
  205.000000  0.618617E+00  0.166343E+00   0.000  1  CBMAMI_2014_Schumann
  210.000000  0.512065E+00  0.187650E+00   0.000  1  CBMAMI_2014_Schumann
  215.000000  0.777108E+00  0.208876E+00   0.000  1  CBMAMI_2014_Schumann
  220.000000  0.382710E+00  0.218005E+00   0.000  1  CBMAMI_2014_Schumann
  225.000000  0.142693E+01  0.260640E+00   0.000  1  CBMAMI_2014_Schumann
  230.000000  0.145088E+01  0.259847E+00   0.000  1  CBMAMI_2014_Schumann
  235.000000  0.123373E+01  0.271751E+00   0.000  1  CBMAMI_2014_Schumann
  240.000000  0.198642E+01  0.315036E+00   0.000  1  CBMAMI_2014_Schumann
  245.000000  0.215707E+01  0.330013E+00   0.000  1  CBMAMI_2014_Schumann
  250.000000  0.212125E+01  0.341785E+00   0.000  1  CBMAMI_2014_Schumann
  255.000000  0.223477E+01  0.376718E+00   0.000  1  CBMAMI_2014_Schumann
  260.000000  0.300432E+01  0.477427E+00   0.000  1  CBMAMI_2014_Schumann
  265.000000  0.258798E+01  0.432545E+00   0.000  1  CBMAMI_2014_Schumann
  270.000000  0.352099E+01  0.437502E+00   0.000  1  CBMAMI_2014_Schumann
  275.000000  0.313483E+01  0.452053E+00   0.000  1  CBMAMI_2014_Schumann
  280.000000  0.451253E+01  0.491714E+00   0.000  1  CBMAMI_2014_Schumann
  285.000000  0.442455E+01  0.501356E+00   0.000  1  CBMAMI_2014_Schumann
  290.000000  0.462755E+01  0.547683E+00   0.000  1  CBMAMI_2014_Schumann
  295.000000  0.499159E+01  0.564030E+00   0.000  1  CBMAMI_2014_Schumann
  300.000000  0.520503E+01  0.585823E+00   0.000  1  CBMAMI_2014_Schumann
  310.000000  0.687362E+01  0.609869E+00   0.000  1  CBMAMI_2014_Schumann
  320.000000  0.716221E+01  0.785336E+00   0.000  1  CBMAMI_2014_Schumann
  330.000000  0.559675E+01  0.751532E+00   0.000  1  CBMAMI_2014_Schumann
  340.000000  0.587896E+01  0.789076E+00   0.000  1  CBMAMI_2014_Schumann
  350.000000  0.411694E+01  0.790544E+00   0.000  1  CBMAMI_2014_Schumann
  360.000000  0.356050E+01  0.914437E+00   0.000  1  CBMAMI_2014_Schumann
  370.000000  0.294409E+01  0.726508E+00   0.000  1  CBMAMI_2014_Schumann
  380.000000  0.436349E+01  0.744737E+00   0.000  1  CBMAMI_2014_Schumann
  390.000000  0.243764E+01  0.695611E+00   0.000  1  CBMAMI_2014_Schumann
  400.000000  0.125520E+01  0.683970E+00   0.000  1  CBMAMI_2014_Schumann
  410.000000  0.906346E+00  0.818516E+00   0.000  1  CBMAMI_2014_Schumann
  420.000000  0.262691E+01  0.105485E+01   0.000  1  CBMAMI_2014_Schumann
   -0.707107   44
  147.000000  0.214516E-01  0.321030E-01   0.000  1  CBMAMI_2014_Schumann
  150.000000 -0.125007E-01  0.249310E-01   0.000  1  CBMAMI_2014_Schumann
  155.000000  0.273858E-01  0.238440E-01   0.000  1  CBMAMI_2014_Schumann
  160.000000  0.385112E-01  0.381590E-01   0.000  1  CBMAMI_2014_Schumann
  165.000000  0.564126E-01  0.501640E-01   0.000  1  CBMAMI_2014_Schumann
  170.000000  0.849968E-01  0.530230E-01   0.000  1  CBMAMI_2014_Schumann
  175.000000  0.248024E+00  0.711290E-01   0.000  1  CBMAMI_2014_Schumann
  180.000000  0.121480E+00  0.779300E-01   0.000  1  CBMAMI_2014_Schumann
  185.000000  0.279307E+00  0.962930E-01   0.000  1  CBMAMI_2014_Schumann
  190.000000  0.353056E+00  0.997570E-01   0.000  1  CBMAMI_2014_Schumann
  195.000000  0.365558E+00  0.111791E+00   0.000  1  CBMAMI_2014_Schumann
  200.000000  0.428308E+00  0.136061E+00   0.000  1  CBMAMI_2014_Schumann
  205.000000  0.501181E+00  0.151150E+00   0.000  1  CBMAMI_2014_Schumann
  210.000000  0.671023E+00  0.169719E+00   0.000  1  CBMAMI_2014_Schumann
  215.000000  0.913578E+00  0.188821E+00   0.000  1  CBMAMI_2014_Schumann
  220.000000  0.135956E+01  0.196863E+00   0.000  1  CBMAMI_2014_Schumann
  225.000000  0.114208E+01  0.237503E+00   0.000  1  CBMAMI_2014_Schumann
  230.000000  0.154723E+01  0.233172E+00   0.000  1  CBMAMI_2014_Schumann
  235.000000  0.165200E+01  0.248733E+00   0.000  1  CBMAMI_2014_Schumann
  240.000000  0.209504E+01  0.285871E+00   0.000  1  CBMAMI_2014_Schumann
  245.000000  0.224574E+01  0.298048E+00   0.000  1  CBMAMI_2014_Schumann
  250.000000  0.285690E+01  0.309461E+00   0.000  1  CBMAMI_2014_Schumann
  255.000000  0.288011E+01  0.342442E+00   0.000  1  CBMAMI_2014_Schumann
  260.000000  0.302765E+01  0.432102E+00   0.000  1  CBMAMI_2014_Schumann
  265.000000  0.323912E+01  0.394569E+00   0.000  1  CBMAMI_2014_Schumann
  270.000000  0.408270E+01  0.398662E+00   0.000  1  CBMAMI_2014_Schumann
  275.000000  0.402690E+01  0.413152E+00   0.000  1  CBMAMI_2014_Schumann
  280.000000  0.488050E+01  0.441107E+00   0.000  1  CBMAMI_2014_Schumann
  285.000000  0.466750E+01  0.457390E+00   0.000  1  CBMAMI_2014_Schumann
  290.000000  0.575202E+01  0.495137E+00   0.000  1  CBMAMI_2014_Schumann
  295.000000  0.623384E+01  0.508944E+00   0.000  1  CBMAMI_2014_Schumann
  300.000000  0.631399E+01  0.543191E+00   0.000  1  CBMAMI_2014_Schumann
  310.000000  0.674819E+01  0.571402E+00   0.000  1  CBMAMI_2014_Schumann
  320.000000  0.572465E+01  0.712644E+00   0.000  1  CBMAMI_2014_Schumann
  330.000000  0.662831E+01  0.676013E+00   0.000  1  CBMAMI_2014_Schumann
  340.000000  0.581467E+01  0.669176E+00   0.000  1  CBMAMI_2014_Schumann
  350.000000  0.309385E+01  0.695753E+00   0.000  1  CBMAMI_2014_Schumann
  360.000000  0.375623E+01  0.820790E+00   0.000  1  CBMAMI_2014_Schumann
  370.000000  0.245835E+01  0.664374E+00   0.000  1  CBMAMI_2014_Schumann
  380.000000  0.311186E+01  0.667290E+00   0.000  1  CBMAMI_2014_Schumann
  390.000000  0.181794E+01  0.632252E+00   0.000  1  CBMAMI_2014_Schumann
  400.000000  0.241575E+01  0.624824E+00   0.000  1  CBMAMI_2014_Schumann
  410.000000  0.219942E+01  0.740130E+00   0.000  1  CBMAMI_2014_Schumann
  420.000000  0.281028E+01  0.929848E+00   0.000  1  CBMAMI_2014_Schumann
   -0.573576   44
  147.000000 -0.151937E-01  0.122580E-01   0.000  1  CBMAMI_2014_Schumann
  150.000000 -0.104418E-01  0.239170E-01   0.000  1  CBMAMI_2014_Schumann
  155.000000  0.720965E-02  0.239030E-01   0.000  1  CBMAMI_2014_Schumann
  160.000000  0.942413E-01  0.384530E-01   0.000  1  CBMAMI_2014_Schumann
  165.000000  0.354460E-01  0.467230E-01   0.000  1  CBMAMI_2014_Schumann
  170.000000  0.663225E-01  0.502380E-01   0.000  1  CBMAMI_2014_Schumann
  175.000000  0.138965E+00  0.666180E-01   0.000  1  CBMAMI_2014_Schumann
  180.000000  0.249794E+00  0.737320E-01   0.000  1  CBMAMI_2014_Schumann
  185.000000  0.337327E+00  0.924540E-01   0.000  1  CBMAMI_2014_Schumann
  190.000000  0.383922E+00  0.932360E-01   0.000  1  CBMAMI_2014_Schumann
  195.000000  0.649750E+00  0.107121E+00   0.000  1  CBMAMI_2014_Schumann
  200.000000  0.439645E+00  0.130897E+00   0.000  1  CBMAMI_2014_Schumann
  205.000000  0.802113E+00  0.142520E+00   0.000  1  CBMAMI_2014_Schumann
  210.000000  0.782209E+00  0.159194E+00   0.000  1  CBMAMI_2014_Schumann
  215.000000  0.125999E+01  0.180348E+00   0.000  1  CBMAMI_2014_Schumann
  220.000000  0.133523E+01  0.186252E+00   0.000  1  CBMAMI_2014_Schumann
  225.000000  0.851997E+00  0.223983E+00   0.000  1  CBMAMI_2014_Schumann
  230.000000  0.165350E+01  0.220907E+00   0.000  1  CBMAMI_2014_Schumann
  235.000000  0.197878E+01  0.236580E+00   0.000  1  CBMAMI_2014_Schumann
  240.000000  0.203137E+01  0.271156E+00   0.000  1  CBMAMI_2014_Schumann
  245.000000  0.247948E+01  0.280715E+00   0.000  1  CBMAMI_2014_Schumann
  250.000000  0.309889E+01  0.292818E+00   0.000  1  CBMAMI_2014_Schumann
  255.000000  0.276383E+01  0.326148E+00   0.000  1  CBMAMI_2014_Schumann
  260.000000  0.303841E+01  0.408621E+00   0.000  1  CBMAMI_2014_Schumann
  265.000000  0.344241E+01  0.368422E+00   0.000  1  CBMAMI_2014_Schumann
  270.000000  0.479503E+01  0.377281E+00   0.000  1  CBMAMI_2014_Schumann
  275.000000  0.431574E+01  0.386744E+00   0.000  1  CBMAMI_2014_Schumann
  280.000000  0.538886E+01  0.411738E+00   0.000  1  CBMAMI_2014_Schumann
  285.000000  0.591145E+01  0.427793E+00   0.000  1  CBMAMI_2014_Schumann
  290.000000  0.592204E+01  0.464622E+00   0.000  1  CBMAMI_2014_Schumann
  295.000000  0.535653E+01  0.482942E+00   0.000  1  CBMAMI_2014_Schumann
  300.000000  0.688693E+01  0.508231E+00   0.000  1  CBMAMI_2014_Schumann
  310.000000  0.545249E+01  0.535215E+00   0.000  1  CBMAMI_2014_Schumann
  320.000000  0.514696E+01  0.683361E+00   0.000  1  CBMAMI_2014_Schumann
  330.000000  0.607761E+01  0.643738E+00   0.000  1  CBMAMI_2014_Schumann
  340.000000  0.482716E+01  0.671574E+00   0.000  1  CBMAMI_2014_Schumann
  350.000000  0.354460E+01  0.665641E+00   0.000  1  CBMAMI_2014_Schumann
  360.000000  0.209854E+01  0.781070E+00   0.000  1  CBMAMI_2014_Schumann
  370.000000  0.325316E+01  0.622476E+00   0.000  1  CBMAMI_2014_Schumann
  380.000000  0.228669E+01  0.633978E+00   0.000  1  CBMAMI_2014_Schumann
  390.000000  0.207287E+01  0.591788E+00   0.000  1  CBMAMI_2014_Schumann
  400.000000  0.110252E+01  0.581985E+00   0.000  1  CBMAMI_2014_Schumann
  410.000000 -0.684181E+00  0.694731E+00   0.000  1  CBMAMI_2014_Schumann
  420.000000  0.709025E+00  0.898747E+00   0.000  1  CBMAMI_2014_Schumann
   -0.422618   44
  147.000000 -0.172571E-01  0.153680E-01   0.000  1  CBMAMI_2014_Schumann
  150.000000 -0.215112E-01  0.225360E-01   0.000  1  CBMAMI_2014_Schumann
  155.000000  0.786507E-02  0.225770E-01   0.000  1  CBMAMI_2014_Schumann
  160.000000 -0.125226E-01  0.342540E-01   0.000  1  CBMAMI_2014_Schumann
  165.000000  0.950229E-01  0.472280E-01   0.000  1  CBMAMI_2014_Schumann
  170.000000  0.156249E+00  0.506090E-01   0.000  1  CBMAMI_2014_Schumann
  175.000000  0.257746E+00  0.657030E-01   0.000  1  CBMAMI_2014_Schumann
  180.000000  0.278811E+00  0.722120E-01   0.000  1  CBMAMI_2014_Schumann
  185.000000  0.110810E+00  0.908380E-01   0.000  1  CBMAMI_2014_Schumann
  190.000000  0.340768E+00  0.925730E-01   0.000  1  CBMAMI_2014_Schumann
  195.000000  0.533381E+00  0.103344E+00   0.000  1  CBMAMI_2014_Schumann
  200.000000  0.561195E+00  0.125540E+00   0.000  1  CBMAMI_2014_Schumann
  205.000000  0.513871E+00  0.137154E+00   0.000  1  CBMAMI_2014_Schumann
  210.000000  0.100369E+01  0.156659E+00   0.000  1  CBMAMI_2014_Schumann
  215.000000  0.953650E+00  0.174568E+00   0.000  1  CBMAMI_2014_Schumann
  220.000000  0.111110E+01  0.181022E+00   0.000  1  CBMAMI_2014_Schumann
  225.000000  0.134593E+01  0.217509E+00   0.000  1  CBMAMI_2014_Schumann
  230.000000  0.166009E+01  0.213383E+00   0.000  1  CBMAMI_2014_Schumann
  235.000000  0.163608E+01  0.227616E+00   0.000  1  CBMAMI_2014_Schumann
  240.000000  0.178781E+01  0.260357E+00   0.000  1  CBMAMI_2014_Schumann
  245.000000  0.203900E+01  0.274036E+00   0.000  1  CBMAMI_2014_Schumann
  250.000000  0.260032E+01  0.281242E+00   0.000  1  CBMAMI_2014_Schumann
  255.000000  0.330773E+01  0.312599E+00   0.000  1  CBMAMI_2014_Schumann
  260.000000  0.310705E+01  0.398134E+00   0.000  1  CBMAMI_2014_Schumann
  265.000000  0.347929E+01  0.357087E+00   0.000  1  CBMAMI_2014_Schumann
  270.000000  0.341651E+01  0.358650E+00   0.000  1  CBMAMI_2014_Schumann
  275.000000  0.499328E+01  0.376482E+00   0.000  1  CBMAMI_2014_Schumann
  280.000000  0.516235E+01  0.400478E+00   0.000  1  CBMAMI_2014_Schumann
  285.000000  0.492400E+01  0.412977E+00   0.000  1  CBMAMI_2014_Schumann
  290.000000  0.547671E+01  0.446042E+00   0.000  1  CBMAMI_2014_Schumann
  295.000000  0.616251E+01  0.455812E+00   0.000  1  CBMAMI_2014_Schumann
  300.000000  0.580351E+01  0.478842E+00   0.000  1  CBMAMI_2014_Schumann
  310.000000  0.435049E+01  0.496520E+00   0.000  1  CBMAMI_2014_Schumann
  320.000000  0.599117E+01  0.648334E+00   0.000  1  CBMAMI_2014_Schumann
  330.000000  0.424659E+01  0.617010E+00   0.000  1  CBMAMI_2014_Schumann
  340.000000  0.404961E+01  0.643071E+00   0.000  1  CBMAMI_2014_Schumann
  350.000000  0.335363E+01  0.645755E+00   0.000  1  CBMAMI_2014_Schumann
  360.000000  0.318703E+01  0.747974E+00   0.000  1  CBMAMI_2014_Schumann
  370.000000  0.129673E+01  0.597592E+00   0.000  1  CBMAMI_2014_Schumann
  380.000000  0.527560E+00  0.604307E+00   0.000  1  CBMAMI_2014_Schumann
  390.000000  0.104866E+01  0.577514E+00   0.000  1  CBMAMI_2014_Schumann
  400.000000 -0.198645E+00  0.569430E+00   0.000  1  CBMAMI_2014_Schumann
  410.000000  0.127993E+01  0.663744E+00   0.000  1  CBMAMI_2014_Schumann
  420.000000 -0.417678E+00  0.860356E+00   0.000  1  CBMAMI_2014_Schumann
   -0.258819   44
  147.000000 -0.596353E-02  0.101050E-01   0.000  1  CBMAMI_2014_Schumann
  150.000000  0.122511E-01  0.206400E-01   0.000  1  CBMAMI_2014_Schumann
  155.000000  0.394422E-01  0.244730E-01   0.000  1  CBMAMI_2014_Schumann
  160.000000  0.100802E+00  0.365750E-01   0.000  1  CBMAMI_2014_Schumann
  165.000000  0.119157E+00  0.477950E-01   0.000  1  CBMAMI_2014_Schumann
  170.000000  0.679025E-01  0.492710E-01   0.000  1  CBMAMI_2014_Schumann
  175.000000  0.286357E+00  0.658890E-01   0.000  1  CBMAMI_2014_Schumann
  180.000000  0.262102E+00  0.721970E-01   0.000  1  CBMAMI_2014_Schumann
  185.000000  0.384089E+00  0.908030E-01   0.000  1  CBMAMI_2014_Schumann
  190.000000  0.334351E+00  0.928440E-01   0.000  1  CBMAMI_2014_Schumann
  195.000000  0.516813E+00  0.104026E+00   0.000  1  CBMAMI_2014_Schumann
  200.000000  0.668514E+00  0.127419E+00   0.000  1  CBMAMI_2014_Schumann
  205.000000  0.852550E+00  0.136819E+00   0.000  1  CBMAMI_2014_Schumann
  210.000000  0.818009E+00  0.157192E+00   0.000  1  CBMAMI_2014_Schumann
  215.000000  0.844275E+00  0.174174E+00   0.000  1  CBMAMI_2014_Schumann
  220.000000  0.108517E+01  0.180028E+00   0.000  1  CBMAMI_2014_Schumann
  225.000000  0.159870E+01  0.217676E+00   0.000  1  CBMAMI_2014_Schumann
  230.000000  0.162922E+01  0.212688E+00   0.000  1  CBMAMI_2014_Schumann
  235.000000  0.177986E+01  0.225563E+00   0.000  1  CBMAMI_2014_Schumann
  240.000000  0.193110E+01  0.259572E+00   0.000  1  CBMAMI_2014_Schumann
  245.000000  0.193782E+01  0.270431E+00   0.000  1  CBMAMI_2014_Schumann
  250.000000  0.260911E+01  0.279982E+00   0.000  1  CBMAMI_2014_Schumann
  255.000000  0.252227E+01  0.304771E+00   0.000  1  CBMAMI_2014_Schumann
  260.000000  0.259415E+01  0.388145E+00   0.000  1  CBMAMI_2014_Schumann
  265.000000  0.329116E+01  0.350621E+00   0.000  1  CBMAMI_2014_Schumann
  270.000000  0.365093E+01  0.354578E+00   0.000  1  CBMAMI_2014_Schumann
  275.000000  0.395489E+01  0.369045E+00   0.000  1  CBMAMI_2014_Schumann
  280.000000  0.408216E+01  0.395119E+00   0.000  1  CBMAMI_2014_Schumann
  285.000000  0.471834E+01  0.407089E+00   0.000  1  CBMAMI_2014_Schumann
  290.000000  0.425286E+01  0.440328E+00   0.000  1  CBMAMI_2014_Schumann
  295.000000  0.589555E+01  0.452008E+00   0.000  1  CBMAMI_2014_Schumann
  300.000000  0.430686E+01  0.470573E+00   0.000  1  CBMAMI_2014_Schumann
  310.000000  0.401240E+01  0.487116E+00   0.000  1  CBMAMI_2014_Schumann
  320.000000  0.467142E+01  0.636628E+00   0.000  1  CBMAMI_2014_Schumann
  330.000000  0.400630E+01  0.609754E+00   0.000  1  CBMAMI_2014_Schumann
  340.000000  0.278218E+01  0.641621E+00   0.000  1  CBMAMI_2014_Schumann
  350.000000  0.606835E+00  0.636921E+00   0.000  1  CBMAMI_2014_Schumann
  360.000000  0.178027E+01  0.734089E+00   0.000  1  CBMAMI_2014_Schumann
  370.000000 -0.577855E+00  0.589287E+00   0.000  1  CBMAMI_2014_Schumann
  380.000000  0.192459E+00  0.610459E+00   0.000  1  CBMAMI_2014_Schumann
  390.000000 -0.515640E+00  0.566849E+00   0.000  1  CBMAMI_2014_Schumann
  400.000000 -0.929258E+00  0.560850E+00   0.000  1  CBMAMI_2014_Schumann
  410.000000 -0.306113E+01  0.659554E+00   0.000  1  CBMAMI_2014_Schumann
  420.000000 -0.138614E+01  0.858934E+00   0.000  1  CBMAMI_2014_Schumann
   -0.087156   44
  147.000000 -0.229782E-02  0.897800E-02   0.000  1  CBMAMI_2014_Schumann
  150.000000  0.528805E-01  0.217010E-01   0.000  1  CBMAMI_2014_Schumann
  155.000000 -0.103173E-01  0.241800E-01   0.000  1  CBMAMI_2014_Schumann
  160.000000  0.921034E-01  0.371530E-01   0.000  1  CBMAMI_2014_Schumann
  165.000000  0.366068E-01  0.511830E-01   0.000  1  CBMAMI_2014_Schumann
  170.000000  0.137801E+00  0.539040E-01   0.000  1  CBMAMI_2014_Schumann
  175.000000  0.215979E+00  0.701520E-01   0.000  1  CBMAMI_2014_Schumann
  180.000000  0.452842E+00  0.771670E-01   0.000  1  CBMAMI_2014_Schumann
  185.000000  0.265925E+00  0.953760E-01   0.000  1  CBMAMI_2014_Schumann
  190.000000  0.335563E+00  0.989360E-01   0.000  1  CBMAMI_2014_Schumann
  195.000000  0.699601E+00  0.109966E+00   0.000  1  CBMAMI_2014_Schumann
  200.000000  0.425863E+00  0.132902E+00   0.000  1  CBMAMI_2014_Schumann
  205.000000  0.936839E+00  0.145967E+00   0.000  1  CBMAMI_2014_Schumann
  210.000000  0.983485E+00  0.163247E+00   0.000  1  CBMAMI_2014_Schumann
  215.000000  0.861773E+00  0.179146E+00   0.000  1  CBMAMI_2014_Schumann
  220.000000  0.960515E+00  0.186965E+00   0.000  1  CBMAMI_2014_Schumann
  225.000000  0.148201E+01  0.223840E+00   0.000  1  CBMAMI_2014_Schumann
  230.000000  0.174069E+01  0.215707E+00   0.000  1  CBMAMI_2014_Schumann
  235.000000  0.161721E+01  0.229855E+00   0.000  1  CBMAMI_2014_Schumann
  240.000000  0.171325E+01  0.262848E+00   0.000  1  CBMAMI_2014_Schumann
  245.000000  0.220619E+01  0.268982E+00   0.000  1  CBMAMI_2014_Schumann
  250.000000  0.215874E+01  0.282317E+00   0.000  1  CBMAMI_2014_Schumann
  255.000000  0.203493E+01  0.310902E+00   0.000  1  CBMAMI_2014_Schumann
  260.000000  0.157013E+01  0.391985E+00   0.000  1  CBMAMI_2014_Schumann
  265.000000  0.257754E+01  0.349826E+00   0.000  1  CBMAMI_2014_Schumann
  270.000000  0.257871E+01  0.354663E+00   0.000  1  CBMAMI_2014_Schumann
  275.000000  0.308839E+01  0.366073E+00   0.000  1  CBMAMI_2014_Schumann
  280.000000  0.361895E+01  0.392158E+00   0.000  1  CBMAMI_2014_Schumann
  285.000000  0.313159E+01  0.406458E+00   0.000  1  CBMAMI_2014_Schumann
  290.000000  0.339488E+01  0.436300E+00   0.000  1  CBMAMI_2014_Schumann
  295.000000  0.271770E+01  0.448847E+00   0.000  1  CBMAMI_2014_Schumann
  300.000000  0.393041E+01  0.472933E+00   0.000  1  CBMAMI_2014_Schumann
  310.000000  0.305117E+01  0.485320E+00   0.000  1  CBMAMI_2014_Schumann
  320.000000  0.178142E+01  0.628761E+00   0.000  1  CBMAMI_2014_Schumann
  330.000000  0.195803E+01  0.602598E+00   0.000  1  CBMAMI_2014_Schumann
  340.000000  0.999922E+00  0.632999E+00   0.000  1  CBMAMI_2014_Schumann
  350.000000  0.272679E+00  0.636809E+00   0.000  1  CBMAMI_2014_Schumann
  360.000000  0.552131E+00  0.732526E+00   0.000  1  CBMAMI_2014_Schumann
  370.000000 -0.153415E+00  0.593300E+00   0.000  1  CBMAMI_2014_Schumann
  380.000000 -0.138340E+01  0.602412E+00   0.000  1  CBMAMI_2014_Schumann
  390.000000 -0.195969E+01  0.567384E+00   0.000  1  CBMAMI_2014_Schumann
  400.000000 -0.224466E+01  0.557941E+00   0.000  1  CBMAMI_2014_Schumann
  410.000000 -0.331393E+01  0.661423E+00   0.000  1  CBMAMI_2014_Schumann
  420.000000 -0.818797E+00  0.854166E+00   0.000  1  CBMAMI_2014_Schumann
    0.087156   44
  147.000000 -0.214302E-02  0.937400E-02   0.000  1  CBMAMI_2014_Schumann
  150.000000  0.244705E-01  0.212340E-01   0.000  1  CBMAMI_2014_Schumann
  155.000000  0.103197E-01  0.262770E-01   0.000  1  CBMAMI_2014_Schumann
  160.000000  0.267747E-01  0.419770E-01   0.000  1  CBMAMI_2014_Schumann
  165.000000  0.149087E+00  0.586560E-01   0.000  1  CBMAMI_2014_Schumann
  170.000000  0.127436E+00  0.625640E-01   0.000  1  CBMAMI_2014_Schumann
  175.000000  0.238470E+00  0.822170E-01   0.000  1  CBMAMI_2014_Schumann
  180.000000  0.299480E+00  0.890280E-01   0.000  1  CBMAMI_2014_Schumann
  185.000000  0.378497E+00  0.111262E+00   0.000  1  CBMAMI_2014_Schumann
  190.000000  0.443860E+00  0.111826E+00   0.000  1  CBMAMI_2014_Schumann
  195.000000  0.571053E+00  0.124649E+00   0.000  1  CBMAMI_2014_Schumann
  200.000000  0.486171E+00  0.149450E+00   0.000  1  CBMAMI_2014_Schumann
  205.000000  0.819287E+00  0.160827E+00   0.000  1  CBMAMI_2014_Schumann
  210.000000  0.777402E+00  0.177215E+00   0.000  1  CBMAMI_2014_Schumann
  215.000000  0.117290E+01  0.196605E+00   0.000  1  CBMAMI_2014_Schumann
  220.000000  0.102825E+01  0.200376E+00   0.000  1  CBMAMI_2014_Schumann
  225.000000  0.120184E+01  0.237695E+00   0.000  1  CBMAMI_2014_Schumann
  230.000000  0.131000E+01  0.229121E+00   0.000  1  CBMAMI_2014_Schumann
  235.000000  0.131968E+01  0.240822E+00   0.000  1  CBMAMI_2014_Schumann
  240.000000  0.155026E+01  0.273466E+00   0.000  1  CBMAMI_2014_Schumann
  245.000000  0.121824E+01  0.280661E+00   0.000  1  CBMAMI_2014_Schumann
  250.000000  0.189859E+01  0.292249E+00   0.000  1  CBMAMI_2014_Schumann
  255.000000  0.176321E+01  0.315135E+00   0.000  1  CBMAMI_2014_Schumann
  260.000000  0.956338E+00  0.402626E+00   0.000  1  CBMAMI_2014_Schumann
  265.000000  0.238027E+01  0.360864E+00   0.000  1  CBMAMI_2014_Schumann
  270.000000  0.268356E+01  0.362366E+00   0.000  1  CBMAMI_2014_Schumann
  275.000000  0.200511E+01  0.374322E+00   0.000  1  CBMAMI_2014_Schumann
  280.000000  0.259592E+01  0.399933E+00   0.000  1  CBMAMI_2014_Schumann
  285.000000  0.234057E+01  0.410592E+00   0.000  1  CBMAMI_2014_Schumann
  290.000000  0.233308E+01  0.442831E+00   0.000  1  CBMAMI_2014_Schumann
  295.000000  0.239426E+01  0.456578E+00   0.000  1  CBMAMI_2014_Schumann
  300.000000  0.244583E+01  0.472503E+00   0.000  1  CBMAMI_2014_Schumann
  310.000000  0.114963E+01  0.490202E+00   0.000  1  CBMAMI_2014_Schumann
  320.000000  0.963158E-01  0.633518E+00   0.000  1  CBMAMI_2014_Schumann
  330.000000  0.244042E-01  0.609874E+00   0.000  1  CBMAMI_2014_Schumann
  340.000000 -0.141509E+01  0.640329E+00   0.000  1  CBMAMI_2014_Schumann
  350.000000 -0.339847E+01  0.642415E+00   0.000  1  CBMAMI_2014_Schumann
  360.000000 -0.224795E+01  0.740140E+00   0.000  1  CBMAMI_2014_Schumann
  370.000000 -0.270879E+01  0.598898E+00   0.000  1  CBMAMI_2014_Schumann
  380.000000 -0.179183E+01  0.610942E+00   0.000  1  CBMAMI_2014_Schumann
  390.000000 -0.220328E+01  0.579348E+00   0.000  1  CBMAMI_2014_Schumann
  400.000000 -0.257456E+01  0.568201E+00   0.000  1  CBMAMI_2014_Schumann
  410.000000 -0.209192E+01  0.669720E+00   0.000  1  CBMAMI_2014_Schumann
  420.000000 -0.126959E+01  0.868050E+00   0.000  1  CBMAMI_2014_Schumann
    0.258819   44
  147.000000  0.913256E-02  0.125380E-01   0.000  1  CBMAMI_2014_Schumann
  150.000000  0.196908E-02  0.219490E-01   0.000  1  CBMAMI_2014_Schumann
  155.000000 -0.564843E-01  0.316690E-01   0.000  1  CBMAMI_2014_Schumann
  160.000000  0.282834E-01  0.507400E-01   0.000  1  CBMAMI_2014_Schumann
  165.000000  0.108887E+00  0.724690E-01   0.000  1  CBMAMI_2014_Schumann
  170.000000  0.206799E+00  0.763730E-01   0.000  1  CBMAMI_2014_Schumann
  175.000000  0.286896E+00  0.999370E-01   0.000  1  CBMAMI_2014_Schumann
  180.000000  0.291090E+00  0.108983E+00   0.000  1  CBMAMI_2014_Schumann
  185.000000  0.339920E+00  0.136550E+00   0.000  1  CBMAMI_2014_Schumann
  190.000000  0.465844E+00  0.135539E+00   0.000  1  CBMAMI_2014_Schumann
  195.000000  0.471200E+00  0.149894E+00   0.000  1  CBMAMI_2014_Schumann
  200.000000  0.984799E+00  0.179933E+00   0.000  1  CBMAMI_2014_Schumann
  205.000000  0.630655E+00  0.191763E+00   0.000  1  CBMAMI_2014_Schumann
  210.000000  0.340034E+00  0.208707E+00   0.000  1  CBMAMI_2014_Schumann
  215.000000  0.118628E+01  0.225812E+00   0.000  1  CBMAMI_2014_Schumann
  220.000000  0.104503E+01  0.230409E+00   0.000  1  CBMAMI_2014_Schumann
  225.000000  0.131742E+01  0.270269E+00   0.000  1  CBMAMI_2014_Schumann
  230.000000  0.102960E+01  0.254775E+00   0.000  1  CBMAMI_2014_Schumann
  235.000000  0.126993E+01  0.267050E+00   0.000  1  CBMAMI_2014_Schumann
  240.000000  0.171594E+01  0.300843E+00   0.000  1  CBMAMI_2014_Schumann
  245.000000  0.140504E+01  0.308082E+00   0.000  1  CBMAMI_2014_Schumann
  250.000000  0.149118E+01  0.312718E+00   0.000  1  CBMAMI_2014_Schumann
  255.000000  0.130819E+01  0.335579E+00   0.000  1  CBMAMI_2014_Schumann
  260.000000  0.152473E+01  0.421443E+00   0.000  1  CBMAMI_2014_Schumann
  265.000000  0.169489E+01  0.376784E+00   0.000  1  CBMAMI_2014_Schumann
  270.000000  0.170252E+01  0.379002E+00   0.000  1  CBMAMI_2014_Schumann
  275.000000  0.190006E+01  0.388130E+00   0.000  1  CBMAMI_2014_Schumann
  280.000000  0.133405E+01  0.411839E+00   0.000  1  CBMAMI_2014_Schumann
  285.000000  0.939894E+00  0.427214E+00   0.000  1  CBMAMI_2014_Schumann
  290.000000  0.111522E+01  0.457627E+00   0.000  1  CBMAMI_2014_Schumann
  295.000000 -0.198649E+00  0.470440E+00   0.000  1  CBMAMI_2014_Schumann
  300.000000  0.842271E+00  0.488097E+00   0.000  1  CBMAMI_2014_Schumann
  310.000000 -0.248175E+01  0.500681E+00   0.000  1  CBMAMI_2014_Schumann
  320.000000 -0.152059E+01  0.650307E+00   0.000  1  CBMAMI_2014_Schumann
  330.000000 -0.169145E+01  0.618416E+00   0.000  1  CBMAMI_2014_Schumann
  340.000000 -0.162034E+01  0.649265E+00   0.000  1  CBMAMI_2014_Schumann
  350.000000 -0.502253E+01  0.652808E+00   0.000  1  CBMAMI_2014_Schumann
  360.000000 -0.173804E+01  0.754668E+00   0.000  1  CBMAMI_2014_Schumann
  370.000000 -0.337191E+01  0.609838E+00   0.000  1  CBMAMI_2014_Schumann
  380.000000 -0.313139E+01  0.627234E+00   0.000  1  CBMAMI_2014_Schumann
  390.000000 -0.266698E+01  0.592882E+00   0.000  1  CBMAMI_2014_Schumann
  400.000000 -0.298922E+01  0.576384E+00   0.000  1  CBMAMI_2014_Schumann
  410.000000 -0.469230E+01  0.688300E+00   0.000  1  CBMAMI_2014_Schumann
  420.000000 -0.492492E+01  0.884402E+00   0.000  1  CBMAMI_2014_Schumann
    0.422618   44
  147.000000  0.513277E-02  0.109120E-01   0.000  1  CBMAMI_2014_Schumann
  150.000000 -0.939019E-02  0.251790E-01   0.000  1  CBMAMI_2014_Schumann
  155.000000  0.292622E-01  0.381650E-01   0.000  1  CBMAMI_2014_Schumann
  160.000000  0.804459E-01  0.598080E-01   0.000  1  CBMAMI_2014_Schumann
  165.000000  0.106630E+00  0.866490E-01   0.000  1  CBMAMI_2014_Schumann
  170.000000  0.183563E+00  0.917210E-01   0.000  1  CBMAMI_2014_Schumann
  175.000000  0.223252E+00  0.121616E+00   0.000  1  CBMAMI_2014_Schumann
  180.000000  0.237820E+00  0.132464E+00   0.000  1  CBMAMI_2014_Schumann
  185.000000  0.487497E+00  0.166264E+00   0.000  1  CBMAMI_2014_Schumann
  190.000000  0.375756E+00  0.165787E+00   0.000  1  CBMAMI_2014_Schumann
  195.000000  0.673311E+00  0.185129E+00   0.000  1  CBMAMI_2014_Schumann
  200.000000  0.751048E+00  0.222116E+00   0.000  1  CBMAMI_2014_Schumann
  205.000000  0.144580E+00  0.234170E+00   0.000  1  CBMAMI_2014_Schumann
  210.000000  0.441424E+00  0.254890E+00   0.000  1  CBMAMI_2014_Schumann
  215.000000  0.445652E+00  0.277896E+00   0.000  1  CBMAMI_2014_Schumann
  220.000000  0.137751E+01  0.278348E+00   0.000  1  CBMAMI_2014_Schumann
  225.000000  0.114043E+01  0.320244E+00   0.000  1  CBMAMI_2014_Schumann
  230.000000  0.965300E+00  0.305572E+00   0.000  1  CBMAMI_2014_Schumann
  235.000000  0.202457E+01  0.315143E+00   0.000  1  CBMAMI_2014_Schumann
  240.000000  0.160065E+01  0.350241E+00   0.000  1  CBMAMI_2014_Schumann
  245.000000  0.131716E+01  0.351294E+00   0.000  1  CBMAMI_2014_Schumann
  250.000000  0.118728E+01  0.355425E+00   0.000  1  CBMAMI_2014_Schumann
  255.000000  0.971234E+00  0.384163E+00   0.000  1  CBMAMI_2014_Schumann
  260.000000  0.487678E+00  0.476333E+00   0.000  1  CBMAMI_2014_Schumann
  265.000000  0.131447E+01  0.417800E+00   0.000  1  CBMAMI_2014_Schumann
  270.000000  0.865150E+00  0.414149E+00   0.000  1  CBMAMI_2014_Schumann
  275.000000  0.136856E+01  0.421976E+00   0.000  1  CBMAMI_2014_Schumann
  280.000000  0.463434E+00  0.442447E+00   0.000  1  CBMAMI_2014_Schumann
  285.000000  0.951110E+00  0.451376E+00   0.000  1  CBMAMI_2014_Schumann
  290.000000  0.154522E+00  0.483436E+00   0.000  1  CBMAMI_2014_Schumann
  295.000000  0.274652E+00  0.491516E+00   0.000  1  CBMAMI_2014_Schumann
  300.000000 -0.191753E+00  0.510145E+00   0.000  1  CBMAMI_2014_Schumann
  310.000000 -0.214696E+01  0.521162E+00   0.000  1  CBMAMI_2014_Schumann
  320.000000 -0.214495E+01  0.671478E+00   0.000  1  CBMAMI_2014_Schumann
  330.000000 -0.319941E+01  0.639278E+00   0.000  1  CBMAMI_2014_Schumann
  340.000000 -0.354223E+01  0.670909E+00   0.000  1  CBMAMI_2014_Schumann
  350.000000 -0.474252E+01  0.674584E+00   0.000  1  CBMAMI_2014_Schumann
  360.000000 -0.523351E+01  0.786495E+00   0.000  1  CBMAMI_2014_Schumann
  370.000000 -0.309300E+01  0.628740E+00   0.000  1  CBMAMI_2014_Schumann
  380.000000 -0.436645E+01  0.643948E+00   0.000  1  CBMAMI_2014_Schumann
  390.000000 -0.433984E+01  0.612500E+00   0.000  1  CBMAMI_2014_Schumann
  400.000000 -0.399732E+01  0.602851E+00   0.000  1  CBMAMI_2014_Schumann
  410.000000 -0.530145E+01  0.720008E+00   0.000  1  CBMAMI_2014_Schumann
  420.000000 -0.533260E+01  0.926906E+00   0.000  1  CBMAMI_2014_Schumann
    0.573576   44
  147.000000 -0.110037E-01  0.123390E-01   0.000  1  CBMAMI_2014_Schumann
  150.000000  0.310977E-02  0.285480E-01   0.000  1  CBMAMI_2014_Schumann
  155.000000 -0.121820E-01  0.422280E-01   0.000  1  CBMAMI_2014_Schumann
  160.000000  0.271587E-03  0.676770E-01   0.000  1  CBMAMI_2014_Schumann
  165.000000  0.271225E-01  0.968130E-01   0.000  1  CBMAMI_2014_Schumann
  170.000000  0.635531E-01  0.103258E+00   0.000  1  CBMAMI_2014_Schumann
  175.000000  0.216647E+00  0.137321E+00   0.000  1  CBMAMI_2014_Schumann
  180.000000  0.244140E-01  0.152146E+00   0.000  1  CBMAMI_2014_Schumann
  185.000000  0.433415E-01  0.189828E+00   0.000  1  CBMAMI_2014_Schumann
  190.000000  0.222824E+00  0.193024E+00   0.000  1  CBMAMI_2014_Schumann
  195.000000  0.475670E+00  0.218069E+00   0.000  1  CBMAMI_2014_Schumann
  200.000000  0.634592E+00  0.261597E+00   0.000  1  CBMAMI_2014_Schumann
  205.000000  0.969618E-01  0.276975E+00   0.000  1  CBMAMI_2014_Schumann
  210.000000  0.571944E+00  0.309564E+00   0.000  1  CBMAMI_2014_Schumann
  215.000000  0.629933E+00  0.330539E+00   0.000  1  CBMAMI_2014_Schumann
  220.000000  0.742999E+00  0.334725E+00   0.000  1  CBMAMI_2014_Schumann
  225.000000  0.592877E+00  0.390365E+00   0.000  1  CBMAMI_2014_Schumann
  230.000000  0.805385E+00  0.367164E+00   0.000  1  CBMAMI_2014_Schumann
  235.000000  0.132227E+00  0.380265E+00   0.000  1  CBMAMI_2014_Schumann
  240.000000  0.280190E+00  0.423620E+00   0.000  1  CBMAMI_2014_Schumann
  245.000000 -0.185311E+00  0.424720E+00   0.000  1  CBMAMI_2014_Schumann
  250.000000 -0.233056E+00  0.424201E+00   0.000  1  CBMAMI_2014_Schumann
  255.000000  0.603253E+00  0.454329E+00   0.000  1  CBMAMI_2014_Schumann
  260.000000  0.101434E+00  0.564999E+00   0.000  1  CBMAMI_2014_Schumann
  265.000000  0.140040E+01  0.486767E+00   0.000  1  CBMAMI_2014_Schumann
  270.000000  0.154893E+00  0.477738E+00   0.000  1  CBMAMI_2014_Schumann
  275.000000 -0.246453E+00  0.488849E+00   0.000  1  CBMAMI_2014_Schumann
  280.000000  0.572639E+00  0.505912E+00   0.000  1  CBMAMI_2014_Schumann
  285.000000 -0.153949E+01  0.509362E+00   0.000  1  CBMAMI_2014_Schumann
  290.000000 -0.125900E+01  0.541751E+00   0.000  1  CBMAMI_2014_Schumann
  295.000000 -0.150204E+01  0.540781E+00   0.000  1  CBMAMI_2014_Schumann
  300.000000 -0.415417E+00  0.558664E+00   0.000  1  CBMAMI_2014_Schumann
  310.000000 -0.275575E+01  0.565670E+00   0.000  1  CBMAMI_2014_Schumann
  320.000000 -0.370899E+01  0.719651E+00   0.000  1  CBMAMI_2014_Schumann
  330.000000 -0.357326E+01  0.685781E+00   0.000  1  CBMAMI_2014_Schumann
  340.000000 -0.454240E+01  0.713593E+00   0.000  1  CBMAMI_2014_Schumann
  350.000000 -0.549205E+01  0.716553E+00   0.000  1  CBMAMI_2014_Schumann
  360.000000 -0.454799E+01  0.825904E+00   0.000  1  CBMAMI_2014_Schumann
  370.000000 -0.491504E+01  0.667005E+00   0.000  1  CBMAMI_2014_Schumann
  380.000000 -0.506326E+01  0.680641E+00   0.000  1  CBMAMI_2014_Schumann
  390.000000 -0.328311E+01  0.655397E+00   0.000  1  CBMAMI_2014_Schumann
  400.000000 -0.373574E+01  0.640535E+00   0.000  1  CBMAMI_2014_Schumann
  410.000000 -0.309067E+01  0.770290E+00   0.000  1  CBMAMI_2014_Schumann
  420.000000 -0.190105E+01  0.100828E+01   0.000  1  CBMAMI_2014_Schumann
    0.707107   44
  147.000000 -0.551105E-02  0.118430E-01   0.000  1  CBMAMI_2014_Schumann
  150.000000  0.697460E-02  0.318130E-01   0.000  1  CBMAMI_2014_Schumann
  155.000000 -0.101908E+00  0.447940E-01   0.000  1  CBMAMI_2014_Schumann
  160.000000  0.646358E-01  0.719820E-01   0.000  1  CBMAMI_2014_Schumann
  165.000000  0.109929E+00  0.100861E+00   0.000  1  CBMAMI_2014_Schumann
  170.000000  0.199770E+00  0.108439E+00   0.000  1  CBMAMI_2014_Schumann
  175.000000  0.425100E-01  0.146301E+00   0.000  1  CBMAMI_2014_Schumann
  180.000000  0.781274E-01  0.162888E+00   0.000  1  CBMAMI_2014_Schumann
  185.000000  0.146364E+00  0.205550E+00   0.000  1  CBMAMI_2014_Schumann
  190.000000 -0.189558E+00  0.214733E+00   0.000  1  CBMAMI_2014_Schumann
  195.000000  0.206591E+00  0.238248E+00   0.000  1  CBMAMI_2014_Schumann
  200.000000  0.216909E+00  0.287668E+00   0.000  1  CBMAMI_2014_Schumann
  205.000000 -0.134918E+00  0.312685E+00   0.000  1  CBMAMI_2014_Schumann
  210.000000  0.856023E+00  0.349041E+00   0.000  1  CBMAMI_2014_Schumann
  215.000000 -0.240290E-01  0.387177E+00   0.000  1  CBMAMI_2014_Schumann
  220.000000  0.398698E-01  0.390483E+00   0.000  1  CBMAMI_2014_Schumann
  225.000000  0.411748E+00  0.460887E+00   0.000  1  CBMAMI_2014_Schumann
  230.000000  0.657303E-01  0.435809E+00   0.000  1  CBMAMI_2014_Schumann
  235.000000 -0.275239E+00  0.451274E+00   0.000  1  CBMAMI_2014_Schumann
  240.000000  0.128800E+00  0.502927E+00   0.000  1  CBMAMI_2014_Schumann
  245.000000  0.328205E+00  0.510519E+00   0.000  1  CBMAMI_2014_Schumann
  250.000000 -0.640560E+00  0.515727E+00   0.000  1  CBMAMI_2014_Schumann
  255.000000  0.439231E+00  0.557578E+00   0.000  1  CBMAMI_2014_Schumann
  260.000000 -0.141371E+01  0.673817E+00   0.000  1  CBMAMI_2014_Schumann
  265.000000  0.526294E+00  0.592080E+00   0.000  1  CBMAMI_2014_Schumann
  270.000000 -0.129076E+01  0.584395E+00   0.000  1  CBMAMI_2014_Schumann
  275.000000  0.173930E+00  0.589352E+00   0.000  1  CBMAMI_2014_Schumann
  280.000000 -0.132705E+01  0.613353E+00   0.000  1  CBMAMI_2014_Schumann
  285.000000 -0.621821E-01  0.614186E+00   0.000  1  CBMAMI_2014_Schumann
  290.000000 -0.113933E+01  0.651194E+00   0.000  1  CBMAMI_2014_Schumann
  295.000000 -0.117135E+01  0.653823E+00   0.000  1  CBMAMI_2014_Schumann
  300.000000 -0.177428E+01  0.668328E+00   0.000  1  CBMAMI_2014_Schumann
  310.000000 -0.531926E+01  0.671940E+00   0.000  1  CBMAMI_2014_Schumann
  320.000000 -0.411373E+01  0.843737E+00   0.000  1  CBMAMI_2014_Schumann
  330.000000 -0.439092E+01  0.793033E+00   0.000  1  CBMAMI_2014_Schumann
  340.000000 -0.226262E+01  0.819032E+00   0.000  1  CBMAMI_2014_Schumann
  350.000000 -0.607885E+01  0.827822E+00   0.000  1  CBMAMI_2014_Schumann
  360.000000 -0.299815E+01  0.953302E+00   0.000  1  CBMAMI_2014_Schumann
  370.000000 -0.440777E+01  0.768084E+00   0.000  1  CBMAMI_2014_Schumann
  380.000000 -0.420845E+01  0.778268E+00   0.000  1  CBMAMI_2014_Schumann
  390.000000 -0.426523E+01  0.727700E+00   0.000  1  CBMAMI_2014_Schumann
  400.000000 -0.359209E+01  0.722582E+00   0.000  1  CBMAMI_2014_Schumann
  410.000000 -0.415417E+01  0.864476E+00   0.000  1  CBMAMI_2014_Schumann
  420.000000 -0.268758E+01  0.112941E+01   0.000  1  CBMAMI_2014_Schumann
    0.819152   44
  147.000000 -0.325829E-02  0.114740E-01   0.000  1  CBMAMI_2014_Schumann
  150.000000 -0.304776E-01  0.327590E-01   0.000  1  CBMAMI_2014_Schumann
  155.000000  0.578947E-01  0.465250E-01   0.000  1  CBMAMI_2014_Schumann
  160.000000  0.417246E-01  0.712600E-01   0.000  1  CBMAMI_2014_Schumann
  165.000000 -0.703805E-02  0.998220E-01   0.000  1  CBMAMI_2014_Schumann
  170.000000  0.727521E-01  0.108802E+00   0.000  1  CBMAMI_2014_Schumann
  175.000000 -0.438342E-01  0.148443E+00   0.000  1  CBMAMI_2014_Schumann
  180.000000 -0.317585E-01  0.162661E+00   0.000  1  CBMAMI_2014_Schumann
  185.000000  0.766166E-01  0.207122E+00   0.000  1  CBMAMI_2014_Schumann
  190.000000  0.546434E-01  0.220286E+00   0.000  1  CBMAMI_2014_Schumann
  195.000000  0.153739E+00  0.248825E+00   0.000  1  CBMAMI_2014_Schumann
  200.000000  0.407896E+00  0.302908E+00   0.000  1  CBMAMI_2014_Schumann
  205.000000  0.358283E+00  0.336277E+00   0.000  1  CBMAMI_2014_Schumann
  210.000000  0.616972E-01  0.375402E+00   0.000  1  CBMAMI_2014_Schumann
  215.000000  0.135517E+00  0.413156E+00   0.000  1  CBMAMI_2014_Schumann
  220.000000  0.876072E-01  0.425885E+00   0.000  1  CBMAMI_2014_Schumann
  225.000000  0.313553E+00  0.509410E+00   0.000  1  CBMAMI_2014_Schumann
  230.000000 -0.740818E+00  0.488218E+00   0.000  1  CBMAMI_2014_Schumann
  235.000000  0.256476E+00  0.513165E+00   0.000  1  CBMAMI_2014_Schumann
  240.000000  0.209252E-01  0.574540E+00   0.000  1  CBMAMI_2014_Schumann
  245.000000  0.278057E+00  0.586745E+00   0.000  1  CBMAMI_2014_Schumann
  250.000000 -0.231587E+00  0.598678E+00   0.000  1  CBMAMI_2014_Schumann
  255.000000  0.584523E+00  0.641796E+00   0.000  1  CBMAMI_2014_Schumann
  260.000000 -0.107197E+01  0.797531E+00   0.000  1  CBMAMI_2014_Schumann
  265.000000 -0.115711E+01  0.709418E+00   0.000  1  CBMAMI_2014_Schumann
  270.000000 -0.102850E+01  0.701509E+00   0.000  1  CBMAMI_2014_Schumann
  275.000000 -0.325753E+00  0.714131E+00   0.000  1  CBMAMI_2014_Schumann
  280.000000 -0.821894E+00  0.750245E+00   0.000  1  CBMAMI_2014_Schumann
  285.000000 -0.716499E+00  0.746292E+00   0.000  1  CBMAMI_2014_Schumann
  290.000000 -0.159376E+01  0.802578E+00   0.000  1  CBMAMI_2014_Schumann
  295.000000 -0.187188E+01  0.804999E+00   0.000  1  CBMAMI_2014_Schumann
  300.000000 -0.186360E+01  0.826964E+00   0.000  1  CBMAMI_2014_Schumann
  310.000000 -0.205887E+01  0.827828E+00   0.000  1  CBMAMI_2014_Schumann
  320.000000 -0.369432E+01  0.105131E+01   0.000  1  CBMAMI_2014_Schumann
  330.000000 -0.132666E+01  0.986904E+00   0.000  1  CBMAMI_2014_Schumann
  340.000000 -0.396980E+01  0.103363E+01   0.000  1  CBMAMI_2014_Schumann
  350.000000 -0.242827E+01  0.102574E+01   0.000  1  CBMAMI_2014_Schumann
  360.000000 -0.288933E+01  0.117851E+01   0.000  1  CBMAMI_2014_Schumann
  370.000000 -0.240061E+01  0.943831E+00   0.000  1  CBMAMI_2014_Schumann
  380.000000 -0.195067E+01  0.966626E+00   0.000  1  CBMAMI_2014_Schumann
  390.000000 -0.207039E+01  0.941949E+00   0.000  1  CBMAMI_2014_Schumann
  400.000000 -0.242726E+01  0.908722E+00   0.000  1  CBMAMI_2014_Schumann
  410.000000 -0.610197E+00  0.106488E+01   0.000  1  CBMAMI_2014_Schumann
  420.000000  0.280822E+00  0.138586E+01   0.000  1  CBMAMI_2014_Schumann
    0.906308   44
  147.000000  0.593431E-02  0.122750E-01   0.000  1  CBMAMI_2014_Schumann
  150.000000  0.304778E-01  0.369290E-01   0.000  1  CBMAMI_2014_Schumann
  155.000000 -0.293645E-01  0.479850E-01   0.000  1  CBMAMI_2014_Schumann
  160.000000  0.189513E-01  0.694390E-01   0.000  1  CBMAMI_2014_Schumann
  165.000000 -0.912939E-01  0.994600E-01   0.000  1  CBMAMI_2014_Schumann
  170.000000  0.100470E+00  0.106055E+00   0.000  1  CBMAMI_2014_Schumann
  175.000000  0.181646E-01  0.139708E+00   0.000  1  CBMAMI_2014_Schumann
  180.000000  0.428628E-01  0.159136E+00   0.000  1  CBMAMI_2014_Schumann
  185.000000  0.232016E+00  0.201163E+00   0.000  1  CBMAMI_2014_Schumann
  190.000000  0.677675E-01  0.213007E+00   0.000  1  CBMAMI_2014_Schumann
  195.000000  0.323484E+00  0.248122E+00   0.000  1  CBMAMI_2014_Schumann
  200.000000  0.143978E+00  0.301765E+00   0.000  1  CBMAMI_2014_Schumann
  205.000000  0.245678E+00  0.332025E+00   0.000  1  CBMAMI_2014_Schumann
  210.000000  0.532554E+00  0.378829E+00   0.000  1  CBMAMI_2014_Schumann
  215.000000  0.374287E+00  0.422551E+00   0.000  1  CBMAMI_2014_Schumann
  220.000000  0.568747E+00  0.448344E+00   0.000  1  CBMAMI_2014_Schumann
  225.000000 -0.576380E+00  0.526266E+00   0.000  1  CBMAMI_2014_Schumann
  230.000000  0.995733E+00  0.520277E+00   0.000  1  CBMAMI_2014_Schumann
  235.000000  0.530694E+00  0.548738E+00   0.000  1  CBMAMI_2014_Schumann
  240.000000  0.246073E+00  0.621991E+00   0.000  1  CBMAMI_2014_Schumann
  245.000000 -0.390017E+00  0.648442E+00   0.000  1  CBMAMI_2014_Schumann
  250.000000  0.643384E+00  0.655459E+00   0.000  1  CBMAMI_2014_Schumann
  255.000000  0.334529E+00  0.725966E+00   0.000  1  CBMAMI_2014_Schumann
  260.000000  0.792260E+00  0.908415E+00   0.000  1  CBMAMI_2014_Schumann
  265.000000 -0.647664E+00  0.797178E+00   0.000  1  CBMAMI_2014_Schumann
  270.000000 -0.107657E+01  0.811004E+00   0.000  1  CBMAMI_2014_Schumann
  275.000000 -0.596699E+00  0.827837E+00   0.000  1  CBMAMI_2014_Schumann
  280.000000 -0.667792E+00  0.872338E+00   0.000  1  CBMAMI_2014_Schumann
  285.000000 -0.174335E+01  0.883473E+00   0.000  1  CBMAMI_2014_Schumann
  290.000000 -0.135741E+01  0.946248E+00   0.000  1  CBMAMI_2014_Schumann
  295.000000 -0.286931E+00  0.960665E+00   0.000  1  CBMAMI_2014_Schumann
  300.000000 -0.475832E+00  0.985705E+00   0.000  1  CBMAMI_2014_Schumann
  310.000000 -0.269113E+01  0.100199E+01   0.000  1  CBMAMI_2014_Schumann
  320.000000 -0.213345E+01  0.126397E+01   0.000  1  CBMAMI_2014_Schumann
  330.000000 -0.326833E+01  0.122246E+01   0.000  1  CBMAMI_2014_Schumann
  340.000000  0.486542E+00  0.125361E+01   0.000  1  CBMAMI_2014_Schumann
  350.000000 -0.911235E+00  0.125607E+01   0.000  1  CBMAMI_2014_Schumann
  360.000000 -0.238739E+01  0.146386E+01   0.000  1  CBMAMI_2014_Schumann
  370.000000 -0.357097E+01  0.117576E+01   0.000  1  CBMAMI_2014_Schumann
  380.000000 -0.253082E+01  0.118195E+01   0.000  1  CBMAMI_2014_Schumann
  390.000000 -0.179585E+01  0.112785E+01   0.000  1  CBMAMI_2014_Schumann
  400.000000 -0.251620E+01  0.112196E+01   0.000  1  CBMAMI_2014_Schumann
  410.000000 -0.351078E+00  0.130377E+01   0.000  1  CBMAMI_2014_Schumann
  420.000000 -0.457783E+00  0.174399E+01   0.000  1  CBMAMI_2014_Schumann
    0.965926   44
  147.000000 -0.564601E-03  0.134570E-01   0.000  1  CBMAMI_2014_Schumann
  150.000000 -0.383525E-01  0.453130E-01   0.000  1  CBMAMI_2014_Schumann
  155.000000  0.177928E-01  0.508040E-01   0.000  1  CBMAMI_2014_Schumann
  160.000000  0.259816E-01  0.736660E-01   0.000  1  CBMAMI_2014_Schumann
  165.000000  0.171853E+00  0.101636E+00   0.000  1  CBMAMI_2014_Schumann
  170.000000 -0.137080E+00  0.105754E+00   0.000  1  CBMAMI_2014_Schumann
  175.000000  0.708455E-01  0.140280E+00   0.000  1  CBMAMI_2014_Schumann
  180.000000  0.987528E-01  0.155628E+00   0.000  1  CBMAMI_2014_Schumann
  185.000000 -0.312026E+00  0.205551E+00   0.000  1  CBMAMI_2014_Schumann
  190.000000  0.149784E+00  0.206557E+00   0.000  1  CBMAMI_2014_Schumann
  195.000000  0.794712E-01  0.238468E+00   0.000  1  CBMAMI_2014_Schumann
  200.000000 -0.319281E+00  0.282549E+00   0.000  1  CBMAMI_2014_Schumann
  205.000000  0.181944E+00  0.320010E+00   0.000  1  CBMAMI_2014_Schumann
  210.000000  0.429696E+00  0.361833E+00   0.000  1  CBMAMI_2014_Schumann
  215.000000  0.214871E+00  0.416418E+00   0.000  1  CBMAMI_2014_Schumann
  220.000000  0.478384E+00  0.428404E+00   0.000  1  CBMAMI_2014_Schumann
  225.000000 -0.165933E+00  0.548195E+00   0.000  1  CBMAMI_2014_Schumann
  230.000000 -0.102925E+01  0.517937E+00   0.000  1  CBMAMI_2014_Schumann
  235.000000 -0.243201E+00  0.563953E+00   0.000  1  CBMAMI_2014_Schumann
  240.000000  0.106800E+00  0.652695E+00   0.000  1  CBMAMI_2014_Schumann
  245.000000 -0.941860E+00  0.688355E+00   0.000  1  CBMAMI_2014_Schumann
  250.000000 -0.407453E+00  0.714144E+00   0.000  1  CBMAMI_2014_Schumann
  255.000000 -0.150305E-01  0.775722E+00   0.000  1  CBMAMI_2014_Schumann
  260.000000 -0.771170E+00  0.984206E+00   0.000  1  CBMAMI_2014_Schumann
  265.000000  0.101037E+01  0.903655E+00   0.000  1  CBMAMI_2014_Schumann
  270.000000 -0.157473E+01  0.910694E+00   0.000  1  CBMAMI_2014_Schumann
  275.000000  0.455005E+00  0.935125E+00   0.000  1  CBMAMI_2014_Schumann
  280.000000  0.244667E+01  0.102421E+01   0.000  1  CBMAMI_2014_Schumann
  285.000000 -0.578478E+00  0.102523E+01   0.000  1  CBMAMI_2014_Schumann
  290.000000  0.147091E+01  0.107221E+01   0.000  1  CBMAMI_2014_Schumann
  295.000000 -0.109215E+01  0.108902E+01   0.000  1  CBMAMI_2014_Schumann
  300.000000  0.170808E+00  0.116836E+01   0.000  1  CBMAMI_2014_Schumann
  310.000000 -0.269502E+01  0.113099E+01   0.000  1  CBMAMI_2014_Schumann
  320.000000 -0.320852E+01  0.146573E+01   0.000  1  CBMAMI_2014_Schumann
  330.000000 -0.286085E+01  0.136019E+01   0.000  1  CBMAMI_2014_Schumann
  340.000000 -0.935193E+00  0.135498E+01   0.000  1  CBMAMI_2014_Schumann
  350.000000  0.389024E+00  0.135985E+01   0.000  1  CBMAMI_2014_Schumann
  360.000000  0.575141E+00  0.154572E+01   0.000  1  CBMAMI_2014_Schumann
  370.000000 -0.216576E+01  0.112161E+01   0.000  1  CBMAMI_2014_Schumann
  380.000000  0.682477E+00  0.122511E+01   0.000  1  CBMAMI_2014_Schumann
  390.000000 -0.176879E+01  0.106454E+01   0.000  1  CBMAMI_2014_Schumann
  400.000000  0.548616E-01  0.100493E+01   0.000  1  CBMAMI_2014_Schumann
  410.000000 -0.183227E+01  0.123987E+01   0.000  1  CBMAMI_2014_Schumann
  420.000000  0.321718E+01  0.155529E+01   0.000  1  CBMAMI_2014_Schumann
    0.996195   44
  147.000000  0.460440E+05  0.320751E+00   0.000  1  CBMAMI_2014_Schumann
  150.000000  0.445373E+05  0.104819E+00   0.000  1  CBMAMI_2014_Schumann
  155.000000  0.420997E+05  0.108456E+00   0.000  1  CBMAMI_2014_Schumann
  160.000000  0.397528E+05  0.126723E+00   0.000  1  CBMAMI_2014_Schumann
  165.000000  0.374947E+05  0.173102E+00   0.000  1  CBMAMI_2014_Schumann
  170.000000  0.353239E+05  0.176531E+00   0.000  1  CBMAMI_2014_Schumann
  175.000000  0.332384E+05  0.240791E+00   0.000  1  CBMAMI_2014_Schumann
  180.000000  0.312367E+05  0.276503E+00   0.000  1  CBMAMI_2014_Schumann
  185.000000  0.293170E+05  0.315665E+00   0.000  1  CBMAMI_2014_Schumann
  190.000000  0.274777E+05  0.317172E+00   0.000  1  CBMAMI_2014_Schumann
  195.000000  0.257169E+05  0.385577E+00   0.000  1  CBMAMI_2014_Schumann
  200.000000  0.240330E+05  0.490010E+00   0.000  1  CBMAMI_2014_Schumann
  205.000000  0.224242E+05  0.496376E+00   0.000  1  CBMAMI_2014_Schumann
  210.000000  0.208889E+05  0.534011E+00   0.000  1  CBMAMI_2014_Schumann
  215.000000  0.194254E+05  0.617811E+00   0.000  1  CBMAMI_2014_Schumann
  220.000000  0.180318E+05  0.673409E+00   0.000  1  CBMAMI_2014_Schumann
  225.000000  0.167065E+05  0.812087E+00   0.000  1  CBMAMI_2014_Schumann
  230.000000  0.154479E+05  0.786529E+00   0.000  1  CBMAMI_2014_Schumann
  235.000000  0.142540E+05  0.907274E+00   0.000  1  CBMAMI_2014_Schumann
  240.000000  0.131233E+05  0.100296E+01   0.000  1  CBMAMI_2014_Schumann
  245.000000  0.120541E+05  0.113249E+01   0.000  1  CBMAMI_2014_Schumann
  250.000000  0.110446E+05  0.120009E+01   0.000  1  CBMAMI_2014_Schumann
  255.000000  0.100930E+05  0.124260E+01   0.000  1  CBMAMI_2014_Schumann
  260.000000  0.919779E+04  0.179693E+01   0.000  1  CBMAMI_2014_Schumann
  265.000000  0.835711E+04  0.148497E+01   0.000  1  CBMAMI_2014_Schumann
  270.000000  0.756928E+04  0.156920E+01   0.000  1  CBMAMI_2014_Schumann
  275.000000  0.683259E+04  0.182261E+01   0.000  1  CBMAMI_2014_Schumann
  280.000000  0.614532E+04  0.184985E+01   0.000  1  CBMAMI_2014_Schumann
  285.000000  0.550576E+04  0.208677E+01   0.000  1  CBMAMI_2014_Schumann
  290.000000  0.491218E+04  0.215695E+01   0.000  1  CBMAMI_2014_Schumann
  295.000000  0.436288E+04  0.225141E+01   0.000  1  CBMAMI_2014_Schumann
  300.000000  0.385613E+04  0.251404E+01   0.000  1  CBMAMI_2014_Schumann
  310.000000  0.296344E+04  0.246289E+01   0.000  1  CBMAMI_2014_Schumann
  320.000000  0.222039E+04  0.306434E+01   0.000  1  CBMAMI_2014_Schumann
  330.000000  0.161326E+04  0.273317E+01   0.000  1  CBMAMI_2014_Schumann
  340.000000  0.112830E+04  0.277976E+01   0.000  1  CBMAMI_2014_Schumann
  350.000000  0.751800E+03  0.252750E+01   0.000  1  CBMAMI_2014_Schumann
  360.000000  0.470029E+03  0.234773E+01   0.000  1  CBMAMI_2014_Schumann
  370.000000  0.269260E+03  0.141416E+01   0.000  1  CBMAMI_2014_Schumann
  380.000000  0.135766E+03  0.177542E+01   0.000  1  CBMAMI_2014_Schumann
  390.000000  0.558203E+02  0.119441E+01   0.000  1  CBMAMI_2014_Schumann
  400.000000  0.156950E+02  0.110658E+01   0.000  1  CBMAMI_2014_Schumann
  410.000000  0.166356E+01  0.143486E+01   0.000  1  CBMAMI_2014_Schumann
  420.000000 -0.102707E-04  0.160751E+01   0.000  1  CBMAMI_2014_Schumann
